# ASCII Spatial Graph 
# TARDIS - Transformer And Rapid Dimensionless Instance Segmentation (R) 
# tardis_em v0.3.10 
# MIT License * 2021-2025 * Robert Kiewisz & Tristan Bepler 

define VERTEX 58 
define EDGE 29 
define POINT 1203 

Parameters { 
    SpatialGraphUnitsVertex { 
        LabelGroup { 
            Unit -1, 
            Dimension -1 
        } 
    } 
    SpatialGraphUnitsEdge { 
        LabelGroup { 
            Unit -1, 
            Dimension -1 
        } 
    } 
    SpatialGraphUnitsPoint { 
    } 
    Units { 
        Coordinates "Å" 
    } 
    LabelGroup { 
		Label0 { 
			Color 1 0.5 0.5, 
          Id 1 
     } 
        Id 0, 
        Color 1 0 0 
    } 
	ContentType "HxSpatialGraph" 
} 

VERTEX { float[3] VertexCoordinates } @1 
EDGE { int[2] EdgeConnectivity } @2 
EDGE { int NumEdgePoints } @3 
POINT { float[3] EdgePointCoordinates } @4 
VERTEX { int LabelGroup} @5 
EDGE { int LabelGroup} @6 

# Data section follows
@1 
3.319763150506610e+02 9.317530191115864e+02 0.000000000000000e+00 
4.359934410654044e+02 9.326814466660014e+02 0.000000000000000e+00 
1.251053615974819e+03 1.867830124616783e+01 0.000000000000000e+00 
1.142064437257754e+03 1.148097142167292e+01 0.000000000000000e+00 
6.109549868897150e+02 1.769304490451574e+02 0.000000000000000e+00 
4.969671882333474e+02 1.740472175469213e+02 0.000000000000000e+00 
6.519824690827063e+02 3.880067199923866e+02 0.000000000000000e+00 
5.380123194695720e+02 3.778228443884043e+02 0.000000000000000e+00 
3.261896575115995e+02 5.601237784747857e+01 0.000000000000000e+00 
2.120299493552755e+02 5.133075060708168e+01 0.000000000000000e+00 
1.122947767138436e+03 7.803692480553015e+02 0.000000000000000e+00 
1.241996694409891e+03 7.850516793070270e+02 0.000000000000000e+00 
1.212942731493225e+03 1.824944977527427e+02 0.000000000000000e+00 
1.340129169245171e+03 1.871036974041120e+02 0.000000000000000e+00 
7.499624687416203e+02 2.583999887122083e+02 0.000000000000000e+00 
6.230504691272514e+02 2.398252857845915e+02 0.000000000000000e+00 
1.369300943020531e+02 8.015689182956612e+02 0.000000000000000e+00 
2.709372244480801e+02 8.123856347005283e+02 0.000000000000000e+00 
4.099615683901213e+02 2.571928784463287e+02 0.000000000000000e+00 
2.739246064009311e+02 2.462954373802757e+02 0.000000000000000e+00 
5.370503757531505e+02 4.116441754815355e+02 0.000000000000000e+00 
6.750427577343997e+02 4.187971257524742e+02 0.000000000000000e+00 
1.176973112601134e+03 8.036023118306441e+01 0.000000000000000e+00 
1.319964908436702e+03 8.140464875808300e+01 0.000000000000000e+00 
7.069889365109156e+02 4.246379514142643e+02 0.000000000000000e+00 
8.509636676172707e+02 4.371566993647657e+02 0.000000000000000e+00 
2.569444525868053e+02 2.703213320565160e+00 0.000000000000000e+00 
4.059680303977635e+02 1.211223804618002e+01 0.000000000000000e+00 
1.151027141261434e+03 9.332941291863140e+02 0.000000000000000e+00 
9.729799423340145e+02 9.322025077557464e+02 0.000000000000000e+00 
8.980089799084556e+02 5.289835259214620e+02 0.000000000000000e+00 
1.080972554179844e+03 5.352256695150171e+02 0.000000000000000e+00 
3.220232158442072e+02 5.294738770662115e+02 0.000000000000000e+00 
5.150314799825392e+02 5.416510330941718e+02 0.000000000000000e+00 
5.869563059910201e+02 5.744029739010870e+02 0.000000000000000e+00 
3.789083627286082e+02 5.704696184033355e+02 0.000000000000000e+00 
8.209847818971730e+02 1.080554127284334e+02 0.000000000000000e+00 
5.979861334761815e+02 9.748480441788574e+01 0.000000000000000e+00 
2.319321185823488e+02 7.392696792723070e+02 0.000000000000000e+00 
1.874986940101673e+00 7.341812336494285e+02 0.000000000000000e+00 
1.794468001714726e+00 6.126423602895686e+02 0.000000000000000e+00 
2.509244316190323e+02 6.269655445443575e+02 0.000000000000000e+00 
7.120400567750664e+02 7.949362578536521e+02 0.000000000000000e+00 
9.610261604913582e+02 8.202977854637613e+02 0.000000000000000e+00 
3.029505867197403e+00 9.326118387496626e+02 0.000000000000000e+00 
2.549835608125632e+02 9.328296362219825e+02 0.000000000000000e+00 
1.243081604647128e+03 9.319156792465025e+02 0.000000000000000e+00 
1.504187120214852e+03 9.258029024978186e+02 0.000000000000000e+00 
8.918677263235608e+02 8.512639369970235e+02 0.000000000000000e+00 
6.268549167812539e+02 8.121745958922126e+02 0.000000000000000e+00 
1.286031433649771e+03 5.609506059842374e+02 0.000000000000000e+00 
9.729299603740204e+02 5.455022976738824e+02 0.000000000000000e+00 
6.058857163183642e+02 9.027423579107443e+02 0.000000000000000e+00 
2.838926920100072e+02 8.795728120203780e+02 0.000000000000000e+00 
5.070015220126820e+02 9.183666117532221e+02 0.000000000000000e+00 
8.409172930640569e+02 9.345461039719788e+02 0.000000000000000e+00 
6.229494349519379e+02 1.136924389021493e+02 0.000000000000000e+00 
9.862149301227633e+02 1.295151848259589e+02 0.000000000000000e+00 

@2 
0 1 
2 3 
4 5 
6 7 
8 9 
10 11 
12 13 
14 15 
16 17 
18 19 
20 21 
22 23 
24 25 
26 27 
28 29 
30 31 
32 33 
34 35 
36 37 
38 39 
40 41 
42 43 
44 45 
46 47 
48 49 
50 51 
52 53 
54 55 
56 57 

@3 
22 
24 
25 
26 
26 
26 
27 
28 
30 
30 
30 
31 
30 
33 
37 
39 
41 
43 
47 
49 
53 
56 
52 
55 
60 
66 
70 
71 
76 

@4 
3.319763150506610e+02 9.317530191115864e+02 0.000000000000000e+00 
3.369988481668848e+02 9.319069735805551e+02 0.000000000000000e+00 
3.420131271039734e+02 9.320309354735869e+02 0.000000000000000e+00 
3.470197377295020e+02 9.321279182790687e+02 0.000000000000000e+00 
3.520192659110463e+02 9.322009354853876e+02 0.000000000000000e+00 
3.570122975161814e+02 9.322530005809303e+02 0.000000000000000e+00 
3.619994184124831e+02 9.322871270540842e+02 0.000000000000000e+00 
3.669812144675268e+02 9.323063283932368e+02 0.000000000000000e+00 
3.719582715488878e+02 9.323136180867745e+02 0.000000000000000e+00 
3.770296204755624e+02 9.323119084029834e+02 0.000000000000000e+00 
3.819988924831589e+02 9.323043291613961e+02 0.000000000000000e+00 
3.869651947222637e+02 9.322939384181866e+02 0.000000000000000e+00 
3.920273979267107e+02 9.322835704120537e+02 0.000000000000000e+00 
3.969894885396002e+02 9.322766912400698e+02 0.000000000000000e+00 
4.019503785891886e+02 9.322761007104554e+02 0.000000000000000e+00 
4.070088845295230e+02 9.322850992564496e+02 0.000000000000000e+00 
4.120673725551444e+02 9.323069681123375e+02 0.000000000000000e+00 
4.170282102454045e+02 9.323439936350413e+02 0.000000000000000e+00 
4.219902140475944e+02 9.323994811113249e+02 0.000000000000000e+00 
4.269539698292896e+02 9.324764440295754e+02 0.000000000000000e+00 
4.320184390840081e+02 9.325801727989115e+02 0.000000000000000e+00 
4.359934410654044e+02 9.326814466660014e+02 0.000000000000000e+00 
1.251053615974819e+03 1.867830124616783e+01 0.000000000000000e+00 
1.246962583871512e+03 1.832998298859092e+01 0.000000000000000e+00 
1.241999084977081e+03 1.794053233439970e+01 0.000000000000000e+00 
1.237033292484949e+03 1.758338480868203e+01 0.000000000000000e+00 
1.231967159355740e+03 1.724823727866423e+01 0.000000000000000e+00 
1.226997803907855e+03 1.694399176329610e+01 0.000000000000000e+00 
1.221928766877263e+03 1.665437410254971e+01 0.000000000000000e+00 
1.216957279365972e+03 1.638651799678064e+01 0.000000000000000e+00 
1.211985265862246e+03 1.613056672739459e+01 0.000000000000000e+00 
1.207013077108709e+03 1.588247269924567e+01 0.000000000000000e+00 
1.202041063847985e+03 1.563818831718797e+01 0.000000000000000e+00 
1.197069576822699e+03 1.539366598607558e+01 0.000000000000000e+00 
1.192000540538005e+03 1.513985994981501e+01 0.000000000000000e+00 
1.187031186066941e+03 1.488251303366194e+01 0.000000000000000e+00 
1.182063417005260e+03 1.461270522483597e+01 0.000000000000000e+00 
1.179083662473686e+03 1.444315551147670e+01 0.000000000000000e+00 
1.175943563497657e+03 1.425703689441108e+01 0.000000000000000e+00 
1.171972985850742e+03 1.400916649263199e+01 0.000000000000000e+00 
1.166913954554701e+03 1.366996512366144e+01 0.000000000000000e+00 
1.161956200371584e+03 1.330822920373294e+01 0.000000000000000e+00 
1.157001803640580e+03 1.291358289036760e+01 0.000000000000000e+00 
1.151953111980274e+03 1.247303041688894e+01 0.000000000000000e+00 
1.147006566305985e+03 1.199956758780846e+01 0.000000000000000e+00 
1.142064437257754e+03 1.148097142167292e+01 0.000000000000000e+00 
6.109549868897150e+02 1.769304490451574e+02 0.000000000000000e+00 
6.070223067199247e+02 1.767685270528693e+02 0.000000000000000e+00 
6.019956344675832e+02 1.765969667135537e+02 0.000000000000000e+00 
5.970531927271313e+02 1.764625348386432e+02 0.000000000000000e+00 
5.920006237448306e+02 1.763553638983699e+02 0.000000000000000e+00 
5.870355278186335e+02 1.762751905345677e+02 0.000000000000000e+00 
5.819626499122189e+02 1.762142962780197e+02 0.000000000000000e+00 
5.769803790947075e+02 1.761706204467018e+02 0.000000000000000e+00 
5.719916329696634e+02 1.761384409465277e+02 0.000000000000000e+00 
5.669977546305151e+02 1.761134041779678e+02 0.000000000000000e+00 
5.620000871706902e+02 1.760911565414921e+02 0.000000000000000e+00 
5.569999736836160e+02 1.760673444375705e+02 0.000000000000000e+00 
5.519987572627209e+02 1.760376142666734e+02 0.000000000000000e+00 
5.469977810014324e+02 1.759976124292708e+02 0.000000000000000e+00 
5.419983879931782e+02 1.759429853258327e+02 0.000000000000000e+00 
5.370019213313863e+02 1.758693793568293e+02 0.000000000000000e+00 
5.320097241094843e+02 1.757724409227306e+02 0.000000000000000e+00 
5.270231394209002e+02 1.756478164240067e+02 0.000000000000000e+00 
5.219449736390831e+02 1.754876965624143e+02 0.000000000000000e+00 
5.169738212070873e+02 1.752938744443370e+02 0.000000000000000e+00 
5.120123371871845e+02 1.750592192447832e+02 0.000000000000000e+00 
5.070618646728020e+02 1.747793773642230e+02 0.000000000000000e+00 
5.031103175040542e+02 1.745200438305662e+02 0.000000000000000e+00 
5.009050366081105e+02 1.743604273699707e+02 0.000000000000000e+00 
4.969671882333474e+02 1.740472175469213e+02 0.000000000000000e+00 
6.519824690827063e+02 3.880067199923866e+02 0.000000000000000e+00 
6.470232840936595e+02 3.876529648860860e+02 0.000000000000000e+00 
6.419707036003567e+02 3.872595310845554e+02 0.000000000000000e+00 
6.370204446090834e+02 3.868451395623328e+02 0.000000000000000e+00 
6.319759060996083e+02 3.863969088639779e+02 0.000000000000000e+00 
6.270324927384320e+02 3.859356882014492e+02 0.000000000000000e+00 
6.219938746457086e+02 3.854467413198286e+02 0.000000000000000e+00 
6.170552265469529e+02 3.849524987926098e+02 0.000000000000000e+00 
6.131054768454038e+02 3.845488503519889e+02 0.000000000000000e+00 
6.108978458243267e+02 3.843207137711169e+02 0.000000000000000e+00 
6.069491610682172e+02 3.839093081787403e+02 0.000000000000000e+00 
6.020137653356092e+02 3.833913751441593e+02 0.000000000000000e+00 
5.969806624980306e+02 3.828622546822315e+02 0.000000000000000e+00 
5.919470556332726e+02 3.823357610776323e+02 0.000000000000000e+00 
5.870101867805205e+02 3.818255055584739e+02 0.000000000000000e+00 
5.819739852735438e+02 3.813148097067770e+02 0.000000000000000e+00 
5.770335319809340e+02 3.808269487966418e+02 0.000000000000000e+00 
5.719926142646633e+02 3.803461314114061e+02 0.000000000000000e+00 
5.670464961645188e+02 3.798944723859101e+02 0.000000000000000e+00 
5.640771421344913e+02 3.796343165267172e+02 0.000000000000000e+00 
5.609456536155714e+02 3.793698709378378e+02 0.000000000000000e+00 
5.569821745335393e+02 3.790510669950867e+02 0.000000000000000e+00 
5.520236451546814e+02 3.786796863281943e+02 0.000000000000000e+00 
5.469616399721577e+02 3.783352664260079e+02 0.000000000000000e+00 
5.419922420344466e+02 3.780346246294511e+02 0.000000000000000e+00 
5.380123194695720e+02 3.778228443884043e+02 0.000000000000000e+00 
3.261896575115995e+02 5.601237784747857e+01 0.000000000000000e+00 
3.218228697284711e+02 5.618242086634634e+01 0.000000000000000e+00 
3.169299521503107e+02 5.621763090574706e+01 0.000000000000000e+00 
3.119294264092203e+02 5.610323431067681e+01 0.000000000000000e+00 
3.070164462906843e+02 5.586208838591219e+01 0.000000000000000e+00 
3.019973844629165e+02 5.550354399378705e+01 0.000000000000000e+00 
2.970681146279583e+02 5.505994080957866e+01 0.000000000000000e+00 
2.941072925922172e+02 5.475763456288293e+01 0.000000000000000e+00 
2.909839332752217e+02 5.441488188617356e+01 0.000000000000000e+00 
2.870300231704160e+02 5.395293957917248e+01 0.000000000000000e+00 
2.819853760108522e+02 5.333183847551157e+01 0.000000000000000e+00 
2.770348023339974e+02 5.270490740143710e+01 0.000000000000000e+00 
2.719831858097223e+02 5.206621711614856e+01 0.000000000000000e+00 
2.669295121725183e+02 5.144727719420764e+01 0.000000000000000e+00 
2.619729261720917e+02 5.087807050339437e+01 0.000000000000000e+00 
2.570162300944281e+02 5.036444161555251e+01 0.000000000000000e+00 
2.519622174625063e+02 4.991665952945150e+01 0.000000000000000e+00 
2.470081194203687e+02 4.957052979180836e+01 0.000000000000000e+00 
2.419586800455116e+02 4.933124508652247e+01 0.000000000000000e+00 
2.370109528628535e+02 4.922651320379963e+01 0.000000000000000e+00 
2.320677762355368e+02 4.926864743088748e+01 0.000000000000000e+00 
2.271300749642122e+02 4.947576193665864e+01 0.000000000000000e+00 
2.249238838148983e+02 4.962655684697864e+01 0.000000000000000e+00 
2.219661232153444e+02 4.988922598678356e+01 0.000000000000000e+00 
2.169450898108677e+02 5.050466412602041e+01 0.000000000000000e+00 
2.120299493552755e+02 5.133075060708168e+01 0.000000000000000e+00 
1.122947767138436e+03 7.803692480553015e+02 0.000000000000000e+00 
1.127048993972482e+03 7.803099952387324e+02 0.000000000000000e+00 
1.132025663323798e+03 7.802616882469239e+02 0.000000000000000e+00 
1.137005394583456e+03 7.802388518175790e+02 0.000000000000000e+00 
1.141987712917057e+03 7.802411244282722e+02 0.000000000000000e+00 
1.146972143490201e+03 7.802681445565786e+02 0.000000000000000e+00 
1.151958211468488e+03 7.803195506800735e+02 0.000000000000000e+00 
1.157044217157589e+03 7.803967152389362e+02 0.000000000000000e+00 
1.162032144267927e+03 7.804962737536281e+02 0.000000000000000e+00 
1.167020274876633e+03 7.806191265366781e+02 0.000000000000000e+00 
1.172008134149311e+03 7.807649120656614e+02 0.000000000000000e+00 
1.176995247251557e+03 7.809332688181529e+02 0.000000000000000e+00 
1.181981139348975e+03 7.811238352717274e+02 0.000000000000000e+00 
1.186965335607163e+03 7.813362499039605e+02 0.000000000000000e+00 
1.191947361191722e+03 7.815701511924266e+02 0.000000000000000e+00 
1.197025322484165e+03 7.818304389979071e+02 0.000000000000000e+00 
1.202001515628408e+03 7.821066365814335e+02 0.000000000000000e+00 
1.206974104192248e+03 7.824032290943628e+02 0.000000000000000e+00 
1.212040964790747e+03 7.827263252836248e+02 0.000000000000000e+00 
1.217004824703773e+03 7.830630090175027e+02 0.000000000000000e+00 
1.222061796039598e+03 7.834262383514109e+02 0.000000000000000e+00 
1.227014990163687e+03 7.838015384365301e+02 0.000000000000000e+00 
1.231962186728226e+03 7.841954115198175e+02 0.000000000000000e+00 
1.234927428307256e+03 7.844405000155818e+02 0.000000000000000e+00 
1.238050431807212e+03 7.847058575901735e+02 0.000000000000000e+00 
1.241996694409891e+03 7.850516793070270e+02 0.000000000000000e+00 
1.212942731493225e+03 1.824944977527427e+02 0.000000000000000e+00 
1.217056853258682e+03 1.822694059768851e+02 0.000000000000000e+00 
1.222043650295423e+03 1.820844668391898e+02 0.000000000000000e+00 
1.227028062223894e+03 1.819888935414605e+02 0.000000000000000e+00 
1.232010243265994e+03 1.819751243753176e+02 0.000000000000000e+00 
1.236990347643617e+03 1.820355976323814e+02 0.000000000000000e+00 
1.241968529578659e+03 1.821627516042722e+02 0.000000000000000e+00 
1.246944943293017e+03 1.823490245826104e+02 0.000000000000000e+00 
1.251919743008586e+03 1.825868548590161e+02 0.000000000000000e+00 
1.256991560795203e+03 1.828746548370188e+02 0.000000000000000e+00 
1.261963570881137e+03 1.831935597589627e+02 0.000000000000000e+00 
1.267032864604950e+03 1.835483101112707e+02 0.000000000000000e+00 
1.272002714226102e+03 1.839174408742248e+02 0.000000000000000e+00 
1.277070125511882e+03 1.843076818695860e+02 0.000000000000000e+00 
1.282038443833099e+03 1.846961896690218e+02 0.000000000000000e+00 
1.287006236871384e+03 1.850828735538560e+02 0.000000000000000e+00 
1.292072030491748e+03 1.854674976075737e+02 0.000000000000000e+00 
1.297039232892938e+03 1.858274365562650e+02 0.000000000000000e+00 
1.302006375731078e+03 1.861627167138785e+02 0.000000000000000e+00 
1.306973613228066e+03 1.864657763720345e+02 0.000000000000000e+00 
1.311941099605797e+03 1.867290538223532e+02 0.000000000000000e+00 
1.317007377805210e+03 1.869487341922579e+02 0.000000000000000e+00 
1.321975837204657e+03 1.871085983976160e+02 0.000000000000000e+00 
1.326945011204730e+03 1.872058455186606e+02 0.000000000000000e+00 
1.331915054027324e+03 1.872329138470122e+02 0.000000000000000e+00 
1.336984577778435e+03 1.871804017304193e+02 0.000000000000000e+00 
1.340129169245171e+03 1.871036974041120e+02 0.000000000000000e+00 
7.499624687416203e+02 2.583999887122083e+02 0.000000000000000e+00 
7.469845532334773e+02 2.581802623243775e+02 0.000000000000000e+00 
7.420212058669271e+02 2.578082066657555e+02 0.000000000000000e+00 
7.370580854265042e+02 2.574266200647353e+02 0.000000000000000e+00 
7.319974125333868e+02 2.570249994803264e+02 0.000000000000000e+00 
7.270362301061423e+02 2.566163338475994e+02 0.000000000000000e+00 
7.219785428850961e+02 2.561817582225928e+02 0.000000000000000e+00 
7.170212778293467e+02 2.557355414696191e+02 0.000000000000000e+00 
7.119685948377067e+02 2.552573313272516e+02 0.000000000000000e+00 
7.070172265117676e+02 2.547630913654907e+02 0.000000000000000e+00 
7.019715663068691e+02 2.542305672289994e+02 0.000000000000000e+00 
6.969302188031737e+02 2.536665625372519e+02 0.000000000000000e+00 
6.919914552082344e+02 2.530803143625329e+02 0.000000000000000e+00 
6.869601682231238e+02 2.524459241061082e+02 0.000000000000000e+00 
6.820322594574540e+02 2.517854211625489e+02 0.000000000000000e+00 
6.770130515482630e+02 2.510699658646839e+02 0.000000000000000e+00 
6.730804404713029e+02 2.504773657925181e+02 0.000000000000000e+00 
6.659346345019876e+02 2.493234771067202e+02 0.000000000000000e+00 
6.620152760863872e+02 2.486457270922483e+02 0.000000000000000e+00 
6.570265894105883e+02 2.477341692009567e+02 0.000000000000000e+00 
6.520468249930194e+02 2.467667432097512e+02 0.000000000000000e+00 
6.470764974173686e+02 2.457407266373634e+02 0.000000000000000e+00 
6.430647058071313e+02 2.448663751483037e+02 0.000000000000000e+00 
6.408918239996273e+02 2.443749151023608e+02 0.000000000000000e+00 
6.368906012374575e+02 2.434359108304624e+02 0.000000000000000e+00 
6.319522989348560e+02 2.422139861505332e+02 0.000000000000000e+00 
6.270255204939223e+02 2.409224292021071e+02 0.000000000000000e+00 
6.230504691272514e+02 2.398252857845915e+02 0.000000000000000e+00 
1.369300943020531e+02 8.015689182956612e+02 0.000000000000000e+00 
1.419709736287126e+02 8.012242683521142e+02 0.000000000000000e+00 
1.470036706502360e+02 8.009526398219612e+02 0.000000000000000e+00 
1.520283214569282e+02 8.007521244666808e+02 0.000000000000000e+00 
1.570450621390943e+02 8.006208140477518e+02 0.000000000000000e+00 
1.620540287870392e+02 8.005568003266520e+02 0.000000000000000e+00 
1.670553574910682e+02 8.005581750648608e+02 0.000000000000000e+00 
1.720491843414860e+02 8.006230300238551e+02 0.000000000000000e+00 
1.770356454285978e+02 8.007494569651153e+02 0.000000000000000e+00 
1.820148768427086e+02 8.009355476501183e+02 0.000000000000000e+00 
1.869870146741235e+02 8.011793938403437e+02 0.000000000000000e+00 
1.919521950131473e+02 8.014790872972685e+02 0.000000000000000e+00 
1.969105539500853e+02 8.018327197823727e+02 0.000000000000000e+00 
2.019602234546416e+02 8.022469292090810e+02 0.000000000000000e+00 
2.069052195324243e+02 8.027036883876191e+02 0.000000000000000e+00 
2.119415446361124e+02 8.032190973010300e+02 0.000000000000000e+00 
2.169713472231480e+02 8.037825859271117e+02 0.000000000000000e+00 
2.209125774956954e+02 8.042569601620642e+02 0.000000000000000e+00 
2.231141077297064e+02 8.045341305512051e+02 0.000000000000000e+00 
2.270493578004029e+02 8.050507416026680e+02 0.000000000000000e+00 
2.320604139846910e+02 8.057466318420752e+02 0.000000000000000e+00 
2.370655260761683e+02 8.064824912189237e+02 0.000000000000000e+00 
2.419678094569393e+02 8.072409205402622e+02 0.000000000000000e+00 
2.469615748234902e+02 8.080499682814565e+02 0.000000000000000e+00 
2.519498263048299e+02 8.088929528515191e+02 0.000000000000000e+00 
2.541356171121513e+02 8.092728114475922e+02 0.000000000000000e+00 
2.570665624702233e+02 8.097917868903203e+02 0.000000000000000e+00 
2.620440807433197e+02 8.106973489195702e+02 0.000000000000000e+00 
2.669200080026949e+02 8.116123442322069e+02 0.000000000000000e+00 
2.709372244480801e+02 8.123856347005283e+02 0.000000000000000e+00 
4.099615683901213e+02 2.571928784463287e+02 0.000000000000000e+00 
4.069792946029957e+02 2.570931413093474e+02 0.000000000000000e+00 
4.020073052631594e+02 2.569160644947482e+02 0.000000000000000e+00 
3.970337194018849e+02 2.567250647956257e+02 0.000000000000000e+00 
3.920589059770704e+02 2.565197238639194e+02 0.000000000000000e+00 
3.869846900599538e+02 2.562951126152510e+02 0.000000000000000e+00 
3.820085224105734e+02 2.560595293674738e+02 0.000000000000000e+00 
3.770322413781547e+02 2.558083415580075e+02 0.000000000000000e+00 
3.719576762857481e+02 2.555356743793612e+02 0.000000000000000e+00 
3.669822914548886e+02 2.552516925767665e+02 0.000000000000000e+00 
3.620079074214924e+02 2.549508428833776e+02 0.000000000000000e+00 
3.570348931434576e+02 2.546327069511340e+02 0.000000000000000e+00 
3.519651869870533e+02 2.542900338530052e+02 0.000000000000000e+00 
3.469960645593062e+02 2.539357072695310e+02 0.000000000000000e+00 
3.420294260674222e+02 2.535628311180968e+02 0.000000000000000e+00 
3.369673694592900e+02 2.531630326256911e+02 0.000000000000000e+00 
3.320068732438188e+02 2.527514141459690e+02 0.000000000000000e+00 
3.269518480593572e+02 2.523112358283478e+02 0.000000000000000e+00 
3.219989993238212e+02 2.518591683243254e+02 0.000000000000000e+00 
3.169525405754565e+02 2.513768696862346e+02 0.000000000000000e+00 
3.120088445233778e+02 2.508826464618995e+02 0.000000000000000e+00 
3.069724872235362e+02 2.503564870080849e+02 0.000000000000000e+00 
3.020394490584370e+02 2.498184013674249e+02 0.000000000000000e+00 
2.990824027624754e+02 2.494848497940087e+02 0.000000000000000e+00 
2.959677637549455e+02 2.491244462004546e+02 0.000000000000000e+00 
2.920316374238432e+02 2.486554539783884e+02 0.000000000000000e+00 
2.870201753992937e+02 2.480360493829951e+02 0.000000000000000e+00 
2.820159517117205e+02 2.473920750507068e+02 0.000000000000000e+00 
2.770193576764165e+02 2.467230872832197e+02 0.000000000000000e+00 
2.739246064009311e+02 2.462954373802757e+02 0.000000000000000e+00 
5.370503757531505e+02 4.116441754815355e+02 0.000000000000000e+00 
5.420366756399012e+02 4.117563914050135e+02 0.000000000000000e+00 
5.470166527368071e+02 4.119155428954819e+02 0.000000000000000e+00 
5.519908999010985e+02 4.121174301086745e+02 0.000000000000000e+00 
5.569600099900052e+02 4.123578532003249e+02 0.000000000000000e+00 
5.619245758607560e+02 4.126326123261670e+02 0.000000000000000e+00 
5.669833940273779e+02 4.129438215223686e+02 0.000000000000000e+00 
5.719405895087285e+02 4.132751244144300e+02 0.000000000000000e+00 
5.768950310844999e+02 4.136280806345770e+02 0.000000000000000e+00 
5.819453683020048e+02 4.140059735889649e+02 0.000000000000000e+00 
5.859060141742356e+02 4.143122282698511e+02 0.000000000000000e+00 
5.881197612824607e+02 4.144863036086767e+02 0.000000000000000e+00 
5.920794596739197e+02 4.148014099910494e+02 0.000000000000000e+00 
5.971268267816203e+02 4.152070507648589e+02 0.000000000000000e+00 
6.020764379242912e+02 4.156051346046042e+02 0.000000000000000e+00 
6.070269037774565e+02 4.159993080704746e+02 0.000000000000000e+00 
6.120769030582676e+02 4.163929064263776e+02 0.000000000000000e+00 
6.170309032991896e+02 4.167663734141899e+02 0.000000000000000e+00 
6.219875485631824e+02 4.171232473220215e+02 0.000000000000000e+00 
6.269474317074755e+02 4.174593283056062e+02 0.000000000000000e+00 
6.320094892097650e+02 4.177762963497832e+02 0.000000000000000e+00 
6.369777202774892e+02 4.180575714141801e+02 0.000000000000000e+00 
6.419509795380902e+02 4.183053708482239e+02 0.000000000000000e+00 
6.469298598487970e+02 4.185154948076486e+02 0.000000000000000e+00 
6.519149540668401e+02 4.186837434481879e+02 0.000000000000000e+00 
6.570057869365828e+02 4.188078426145474e+02 0.000000000000000e+00 
6.620052400690781e+02 4.188787030329294e+02 0.000000000000000e+00 
6.670126974214854e+02 4.188950054263199e+02 0.000000000000000e+00 
6.720287518510347e+02 4.188525499504529e+02 0.000000000000000e+00 
6.750427577343997e+02 4.187971257524742e+02 0.000000000000000e+00 
1.176973112601134e+03 8.036023118306441e+01 0.000000000000000e+00 
1.182047471233681e+03 8.035108655870766e+01 0.000000000000000e+00 
1.187026957348841e+03 8.031575638029442e+01 0.000000000000000e+00 
1.192009728905255e+03 8.025764836023390e+01 0.000000000000000e+00 
1.196995441484432e+03 8.018006748915394e+01 0.000000000000000e+00 
1.201983750667883e+03 8.008631875768239e+01 0.000000000000000e+00 
1.206974312037117e+03 7.997970715644722e+01 0.000000000000000e+00 
1.211966781173644e+03 7.986353767607625e+01 0.000000000000000e+00 
1.216960813658976e+03 7.974111530719735e+01 0.000000000000000e+00 
1.221956065074621e+03 7.961574504043848e+01 0.000000000000000e+00 
1.226952191002091e+03 7.949073186642742e+01 0.000000000000000e+00 
1.232047803323961e+03 7.936703700011005e+01 0.000000000000000e+00 
1.237044645218741e+03 7.925282433269030e+01 0.000000000000000e+00 
1.242041321549046e+03 7.914894918161494e+01 0.000000000000000e+00 
1.247037487896386e+03 7.905871653751186e+01 0.000000000000000e+00 
1.252032799842269e+03 7.898543139100890e+01 0.000000000000000e+00 
1.257026912968208e+03 7.893239873273399e+01 0.000000000000000e+00 
1.262019482855711e+03 7.890292355331498e+01 0.000000000000000e+00 
1.267010165086290e+03 7.890031084337978e+01 0.000000000000000e+00 
1.271998615241454e+03 7.892786559355628e+01 0.000000000000000e+00 
1.276984488902713e+03 7.898889279447231e+01 0.000000000000000e+00 
1.281967441651578e+03 7.908669743675578e+01 0.000000000000000e+00 
1.286947129069559e+03 7.922458451103459e+01 0.000000000000000e+00 
1.291923206738166e+03 7.940585900793663e+01 0.000000000000000e+00 
1.294906977381538e+03 7.953682454503816e+01 0.000000000000000e+00 
1.298050524721862e+03 7.969385886828560e+01 0.000000000000000e+00 
1.302024312624052e+03 7.992168690524628e+01 0.000000000000000e+00 
1.307085576005259e+03 8.026189647779327e+01 0.000000000000000e+00 
1.312043500381677e+03 8.065281971293280e+01 0.000000000000000e+00 
1.316996074917156e+03 8.110382804077703e+01 0.000000000000000e+00 
1.319964908436702e+03 8.140464875808300e+01 0.000000000000000e+00 
7.069889365109156e+02 4.246379514142643e+02 0.000000000000000e+00 
7.118660436790614e+02 4.255642030357339e+02 0.000000000000000e+00 
7.171308517343721e+02 4.264868375626552e+02 0.000000000000000e+00 
7.220296075621047e+02 4.272776289840989e+02 0.000000000000000e+00 
7.270351561042022e+02 4.280225207451209e+02 0.000000000000000e+00 
7.320499455066265e+02 4.287089618770755e+02 0.000000000000000e+00 
7.369757095951067e+02 4.293289196558789e+02 0.000000000000000e+00 
7.420069199794730e+02 4.299106265722097e+02 0.000000000000000e+00 
7.469475603358087e+02 4.304350723344652e+02 0.000000000000000e+00 
7.519926914902666e+02 4.309267064119553e+02 0.000000000000000e+00 
7.569457564550315e+02 4.313700168204153e+02 0.000000000000000e+00 
7.620023081677306e+02 4.317862394358478e+02 0.000000000000000e+00 
7.669653460815000e+02 4.321627911532653e+02 0.000000000000000e+00 
7.720308181405893e+02 4.325182636834236e+02 0.000000000000000e+00 
7.770013773439365e+02 4.328424333725507e+02 0.000000000000000e+00 
7.819747529368094e+02 4.331459897875497e+02 0.000000000000000e+00 
7.870488983710651e+02 4.334379815178078e+02 0.000000000000000e+00 
7.920261297834712e+02 4.337106504180335e+02 0.000000000000000e+00 
7.970043628200982e+02 4.339733479254980e+02 0.000000000000000e+00 
8.019829965262605e+02 4.342295980708036e+02 0.000000000000000e+00 
8.069614299472727e+02 4.344829248845530e+02 0.000000000000000e+00 
8.120376264952691e+02 4.347419111777989e+02 0.000000000000000e+00 
8.170138226445312e+02 4.350000806918204e+02 0.000000000000000e+00 
8.219880037433384e+02 4.352659687556525e+02 0.000000000000000e+00 
8.269595688370051e+02 4.355430993998976e+02 0.000000000000000e+00 
8.320262730832374e+02 4.358409504327626e+02 0.000000000000000e+00 
8.369907216244897e+02 4.361515361415611e+02 0.000000000000000e+00 
8.420489182768705e+02 4.364908354682149e+02 0.000000000000000e+00 
8.470037986062825e+02 4.368492529043193e+02 0.000000000000000e+00 
8.509636676172707e+02 4.371566993647657e+02 0.000000000000000e+00 
2.569444525868053e+02 2.703213320565160e+00 0.000000000000000e+00 
2.619961071388258e+02 3.056087211693511e+00 0.000000000000000e+00 
2.670507626849203e+02 3.393354488377145e+00 0.000000000000000e+00 
2.720099337572103e+02 3.710316617487286e+00 0.000000000000000e+00 
2.769715154266285e+02 4.015034533708384e+00 0.000000000000000e+00 
2.799495236889567e+02 4.192556954707030e+00 0.000000000000000e+00 
2.830894118889323e+02 4.375768528109746e+00 0.000000000000000e+00 
2.870621641124798e+02 4.602292208199735e+00 0.000000000000000e+00 
2.920296180228383e+02 4.878241351556389e+00 0.000000000000000e+00 
2.969985342640494e+02 5.147460795366740e+00 0.000000000000000e+00 
3.019686776775928e+02 5.411318071969069e+00 0.000000000000000e+00 
3.069398131049485e+02 5.671180713701658e+00 0.000000000000000e+00 
3.120101743026798e+02 5.933493289319840e+00 0.000000000000000e+00 
3.169825962390890e+02 6.189458123330287e+00 0.000000000000000e+00 
3.219553000566932e+02 6.445558001963230e+00 0.000000000000000e+00 
3.270265293379532e+02 6.708286462054935e+00 0.000000000000000e+00 
3.319990853359796e+02 6.968829675721132e+00 0.000000000000000e+00 
3.369712130825840e+02 7.233637613502061e+00 0.000000000000000e+00 
3.420411235174218e+02 7.509499751265526e+00 0.000000000000000e+00 
3.470116691158170e+02 7.787092166835106e+00 0.000000000000000e+00 
3.519810763301730e+02 8.073078986011653e+00 0.000000000000000e+00 
3.569491100019698e+02 8.368827741133451e+00 0.000000000000000e+00 
3.620138717261539e+02 8.681905034365718e+00 0.000000000000000e+00 
3.669784139470131e+02 9.001541557185517e+00 0.000000000000000e+00 
3.709485587651824e+02 9.267187097004106e+00 0.000000000000000e+00 
3.740862106949135e+02 9.483951968851503e+00 0.000000000000000e+00 
3.770619546579617e+02 9.695448239698472e+00 0.000000000000000e+00 
3.820194535466040e+02 1.006142474584243e+01 0.000000000000000e+00 
3.869741556523144e+02 1.044543984842833e+01 0.000000000000000e+00 
3.920238559953373e+02 1.085705565607948e+01 0.000000000000000e+00 
3.969721919836510e+02 1.128167575753608e+01 0.000000000000000e+00 
4.020149109585584e+02 1.173754544224925e+01 0.000000000000000e+00 
4.059680303977635e+02 1.211223804618002e+01 0.000000000000000e+00 
1.151027141261434e+03 9.332941291863140e+02 0.000000000000000e+00 
1.146942448871416e+03 9.331748603053704e+02 0.000000000000000e+00 
1.141984703542557e+03 9.330506219916108e+02 0.000000000000000e+00 
1.137022436818547e+03 9.329474213675403e+02 0.000000000000000e+00 
1.132055885379507e+03 9.328638572986226e+02 0.000000000000000e+00 
1.126986809368984e+03 9.327974095044086e+02 0.000000000000000e+00 
1.122012325450554e+03 9.327492343780309e+02 0.000000000000000e+00 
1.117034271544644e+03 9.327164646552681e+02 0.000000000000000e+00 
1.111954201372819e+03 9.326974594622729e+02 0.000000000000000e+00 
1.106969658597019e+03 9.326915325856602e+02 0.000000000000000e+00 
1.101982260561293e+03 9.326967799611245e+02 0.000000000000000e+00 
1.096992243945763e+03 9.327118004541308e+02 0.000000000000000e+00 
1.091999845430548e+03 9.327351929301433e+02 0.000000000000000e+00 
1.087005301695770e+03 9.327655562546270e+02 0.000000000000000e+00 
1.082008849421549e+03 9.328014892930462e+02 0.000000000000000e+00 
1.077010725288006e+03 9.328415909108656e+02 0.000000000000000e+00 
1.072011165975263e+03 9.328844599735503e+02 0.000000000000000e+00 
1.067010408163439e+03 9.329286953465645e+02 0.000000000000000e+00 
1.062008688532655e+03 9.329728958953730e+02 0.000000000000000e+00 
1.057006243763033e+03 9.330156604854404e+02 0.000000000000000e+00 
1.052003310534692e+03 9.330555879822315e+02 0.000000000000000e+00 
1.047000125527754e+03 9.330912772512107e+02 0.000000000000000e+00 
1.041996925422340e+03 9.331213271578431e+02 0.000000000000000e+00 
1.036993946898569e+03 9.331443365675929e+02 0.000000000000000e+00 
1.031991426636564e+03 9.331589043459247e+02 0.000000000000000e+00 
1.026989601316444e+03 9.331636293583038e+02 0.000000000000000e+00 
1.021988707618331e+03 9.331571104701940e+02 0.000000000000000e+00 
1.016988982222345e+03 9.331379465470604e+02 0.000000000000000e+00 
1.011990661808607e+03 9.331047364543679e+02 0.000000000000000e+00 
1.006993983057238e+03 9.330560790575806e+02 0.000000000000000e+00 
1.001999182648359e+03 9.329905732221636e+02 0.000000000000000e+00 
9.970064972620892e+02 9.329068178135814e+02 0.000000000000000e+00 
9.920161635785507e+02 9.328034116972984e+02 0.000000000000000e+00 
9.870284182778641e+02 9.326789537387796e+02 0.000000000000000e+00 
9.820434980401499e+02 9.325320428034895e+02 0.000000000000000e+00 
9.769630118312901e+02 9.323576455366629e+02 0.000000000000000e+00 
9.729799423340145e+02 9.322025077557464e+02 0.000000000000000e+00 
8.980089799084556e+02 5.289835259214620e+02 0.000000000000000e+00 
9.020043038067139e+02 5.290021712871230e+02 0.000000000000000e+00 
9.069978423914727e+02 5.290377687865567e+02 0.000000000000000e+00 
9.119906929054855e+02 5.290865822907576e+02 0.000000000000000e+00 
9.169828518063632e+02 5.291481399091703e+02 0.000000000000000e+00 
9.219743155517149e+02 5.292219697512380e+02 0.000000000000000e+00 
9.269650805991516e+02 5.293075999264056e+02 0.000000000000000e+00 
9.320539590093344e+02 5.294065898900744e+02 0.000000000000000e+00 
9.370433020207485e+02 5.295146152966992e+02 0.000000000000000e+00 
9.420319356369249e+02 5.296330160194808e+02 0.000000000000000e+00 
9.470198563154736e+02 5.297613201678638e+02 0.000000000000000e+00 
9.520070605140058e+02 5.298990558512925e+02 0.000000000000000e+00 
9.569935446901305e+02 5.300457511792104e+02 0.000000000000000e+00 
9.619793053014589e+02 5.302009342610619e+02 0.000000000000000e+00 
9.669643388056007e+02 5.303641332062911e+02 0.000000000000000e+00 
9.719486416601667e+02 5.305348761243421e+02 0.000000000000000e+00 
9.769322103227668e+02 5.307126911246589e+02 0.000000000000000e+00 
9.820137132762159e+02 5.309008218980265e+02 0.000000000000000e+00 
9.869957882117707e+02 5.310914819903134e+02 0.000000000000000e+00 
9.919771182580379e+02 5.312877891479239e+02 0.000000000000000e+00 
9.970563272446204e+02 5.314933106677396e+02 0.000000000000000e+00 
1.002036141957349e+03 5.316995846625384e+02 0.000000000000000e+00 
1.007015201083467e+03 5.319100807057185e+02 0.000000000000000e+00 
1.011993501080584e+03 5.321243269067238e+02 0.000000000000000e+00 
1.017069605345711e+03 5.323461891042705e+02 0.000000000000000e+00 
1.022046361247864e+03 5.325665707612961e+02 0.000000000000000e+00 
1.027022347323694e+03 5.327892775592046e+02 0.000000000000000e+00 
1.031997560030811e+03 5.330138376074401e+02 0.000000000000000e+00 
1.036971995826826e+03 5.332397790154465e+02 0.000000000000000e+00 
1.041945651169348e+03 5.334666298926680e+02 0.000000000000000e+00 
1.046918522515989e+03 5.336939183485489e+02 0.000000000000000e+00 
1.051989065011725e+03 5.339256694567708e+02 0.000000000000000e+00 
1.056960342037177e+03 5.341524026083443e+02 0.000000000000000e+00 
1.059942727026423e+03 5.342879987299082e+02 0.000000000000000e+00 
1.063086126270557e+03 5.344304324135244e+02 0.000000000000000e+00 
1.067061788793269e+03 5.346096842333966e+02 0.000000000000000e+00 
1.072030645030457e+03 5.348319688134349e+02 0.000000000000000e+00 
1.076998695832302e+03 5.350518349680632e+02 0.000000000000000e+00 
1.080972554179844e+03 5.352256695150171e+02 0.000000000000000e+00 
3.220232158442072e+02 5.294738770662115e+02 0.000000000000000e+00 
3.270072611397865e+02 5.297578688846264e+02 0.000000000000000e+00 
3.319871059508883e+02 5.300650307894010e+02 0.000000000000000e+00 
3.369630150256384e+02 5.303936033049279e+02 0.000000000000000e+00 
3.420336875616439e+02 5.307489096188860e+02 0.000000000000000e+00 
3.470024546246573e+02 5.311153614865091e+02 0.000000000000000e+00 
3.519680854387403e+02 5.314979106935776e+02 0.000000000000000e+00 
3.570290995580606e+02 5.319027904997394e+02 0.000000000000000e+00 
3.619892031682218e+02 5.323124872927829e+02 0.000000000000000e+00 
3.670451313524562e+02 5.327413922519462e+02 0.000000000000000e+00 
3.720007878272137e+02 5.331710586605426e+02 0.000000000000000e+00 
3.769546422797590e+02 5.336079553415790e+02 0.000000000000000e+00 
3.820050209423239e+02 5.340591267041842e+02 0.000000000000000e+00 
3.869560430672803e+02 5.345052612346525e+02 0.000000000000000e+00 
3.920040840401608e+02 5.349621933310356e+02 0.000000000000000e+00 
3.969533539060461e+02 5.354103877405131e+02 0.000000000000000e+00 
4.020001586473326e+02 5.358657604484242e+02 0.000000000000000e+00 
4.070467576721239e+02 5.363175647970924e+02 0.000000000000000e+00 
4.119954262904471e+02 5.367553299636779e+02 0.000000000000000e+00 
4.169444318437444e+02 5.371861102199077e+02 0.000000000000000e+00 
4.219920684961123e+02 5.376164037841239e+02 0.000000000000000e+00 
4.269425619958928e+02 5.380277100080966e+02 0.000000000000000e+00 
4.319922667909363e+02 5.384344838170904e+02 0.000000000000000e+00 
4.369453283057182e+02 5.388191380383836e+02 0.000000000000000e+00 
4.391609297672320e+02 5.389861357429355e+02 0.000000000000000e+00 
4.421340375062716e+02 5.392049311975514e+02 0.000000000000000e+00 
4.470908040387606e+02 5.395552469918688e+02 0.000000000000000e+00 
4.520497837289033e+02 5.398861087864403e+02 0.000000000000000e+00 
4.570112413248252e+02 5.401957571056581e+02 0.000000000000000e+00 
4.619754415746514e+02 5.404824324739149e+02 0.000000000000000e+00 
4.669426492265070e+02 5.407443754156027e+02 0.000000000000000e+00 
4.719131290285173e+02 5.409798264551141e+02 0.000000000000000e+00 
4.769856881873727e+02 5.411908322328649e+02 0.000000000000000e+00 
4.819635844949433e+02 5.413674089419095e+02 0.000000000000000e+00 
4.869455524400902e+02 5.415121804774710e+02 0.000000000000000e+00 
4.919318567709390e+02 5.416233873639422e+02 0.000000000000000e+00 
4.970216499043288e+02 5.417004042336839e+02 0.000000000000000e+00 
5.020175202878488e+02 5.417384512278679e+02 0.000000000000000e+00 
5.070185265444924e+02 5.417376203016551e+02 0.000000000000000e+00 
5.120249334223844e+02 5.416961519794373e+02 0.000000000000000e+00 
5.150314799825392e+02 5.416510330941718e+02 0.000000000000000e+00 
5.869563059910201e+02 5.744029739010870e+02 0.000000000000000e+00 
5.819820652346535e+02 5.741569474306431e+02 0.000000000000000e+00 
5.770059582465861e+02 5.739276363175542e+02 0.000000000000000e+00 
5.720280670450855e+02 5.737143406584192e+02 0.000000000000000e+00 
5.670484736484183e+02 5.735163605498366e+02 0.000000000000000e+00 
5.620672600748509e+02 5.733329960884047e+02 0.000000000000000e+00 
5.569858154372916e+02 5.731603273882308e+02 0.000000000000000e+00 
5.520015795556878e+02 5.730043491684545e+02 0.000000000000000e+00 
5.470159711762667e+02 5.728608730248060e+02 0.000000000000000e+00 
5.420290723172950e+02 5.727291990538838e+02 0.000000000000000e+00 
5.369421693594356e+02 5.726063469148647e+02 0.000000000000000e+00 
5.319529141164199e+02 5.724963765189748e+02 0.000000000000000e+00 
5.269626160729365e+02 5.723960947247881e+02 0.000000000000000e+00 
5.219713572472517e+02 5.723048016289030e+02 0.000000000000000e+00 
5.169792196576325e+02 5.722217973279181e+02 0.000000000000000e+00 
5.119862853223460e+02 5.721463819184319e+02 0.000000000000000e+00 
5.069926362596588e+02 5.720778554970431e+02 0.000000000000000e+00 
5.019983544878382e+02 5.720155181603502e+02 0.000000000000000e+00 
4.970035220251506e+02 5.719586700049517e+02 0.000000000000000e+00 
4.920082208898633e+02 5.719066111274465e+02 0.000000000000000e+00 
4.870125331002430e+02 5.718586416244326e+02 0.000000000000000e+00 
4.820165406745565e+02 5.718140615925089e+02 0.000000000000000e+00 
4.770203256310709e+02 5.717721711282741e+02 0.000000000000000e+00 
4.720239699880528e+02 5.717322703283264e+02 0.000000000000000e+00 
4.670275557637694e+02 5.716936592892647e+02 0.000000000000000e+00 
4.620311649764872e+02 5.716556381076872e+02 0.000000000000000e+00 
4.570348796444735e+02 5.716175068801928e+02 0.000000000000000e+00 
4.520387817859949e+02 5.715785657033799e+02 0.000000000000000e+00 
4.470429534193184e+02 5.715381146738471e+02 0.000000000000000e+00 
4.419485507321925e+02 5.714945819654911e+02 0.000000000000000e+00 
4.369535168176982e+02 5.714489468300413e+02 0.000000000000000e+00 
4.319590000740885e+02 5.713996882708487e+02 0.000000000000000e+00 
4.269650825196301e+02 5.713461063845115e+02 0.000000000000000e+00 
4.219718461725899e+02 5.712875012676282e+02 0.000000000000000e+00 
4.169793730512350e+02 5.712231730167977e+02 0.000000000000000e+00 
4.119877451738320e+02 5.711524217286182e+02 0.000000000000000e+00 
4.069970445586480e+02 5.710745474996885e+02 0.000000000000000e+00 
4.020073532239498e+02 5.709888504266071e+02 0.000000000000000e+00 
3.970187531880042e+02 5.708946306059723e+02 0.000000000000000e+00 
3.920313264690784e+02 5.707911881343832e+02 0.000000000000000e+00 
3.870451550854388e+02 5.706778231084381e+02 0.000000000000000e+00 
3.820603210553527e+02 5.705538356247355e+02 0.000000000000000e+00 
3.789083627286082e+02 5.704696184033355e+02 0.000000000000000e+00 
8.209847818971730e+02 1.080554127284334e+02 0.000000000000000e+00 
8.169882348660246e+02 1.080558658524251e+02 0.000000000000000e+00 
8.119942160708620e+02 1.080327189662925e+02 0.000000000000000e+00 
8.070019950374876e+02 1.079842399714989e+02 0.000000000000000e+00 
8.020115158038022e+02 1.079115174315289e+02 0.000000000000000e+00 
7.970227224077061e+02 1.078156399098677e+02 0.000000000000000e+00 
7.920355588870998e+02 1.076976959699999e+02 0.000000000000000e+00 
7.869512506612924e+02 1.075558185471161e+02 0.000000000000000e+00 
7.819672085016192e+02 1.073966245680679e+02 0.000000000000000e+00 
7.769846272228688e+02 1.072186514190731e+02 0.000000000000000e+00 
7.720034508629433e+02 1.070229876636165e+02 0.000000000000000e+00 
7.670236234597412e+02 1.068107218651828e+02 0.000000000000000e+00 
7.620450890511646e+02 1.065829425872571e+02 0.000000000000000e+00 
7.569692338732224e+02 1.063358035423345e+02 0.000000000000000e+00 
7.519931403922927e+02 1.060800098764180e+02 0.000000000000000e+00 
7.470181709114220e+02 1.058119899792692e+02 0.000000000000000e+00 
7.420442694685102e+02 1.055328324143731e+02 0.000000000000000e+00 
7.369729073237248e+02 1.052378042489378e+02 0.000000000000000e+00 
7.320009924401089e+02 1.049394705776905e+02 0.000000000000000e+00 
7.270299765998853e+02 1.046332864869557e+02 0.000000000000000e+00 
7.220598038409553e+02 1.043203405402181e+02 0.000000000000000e+00 
7.170904182012185e+02 1.040017213009628e+02 0.000000000000000e+00 
7.120233719713507e+02 1.036720777367200e+02 0.000000000000000e+00 
7.070554054900908e+02 1.033453193575280e+02 0.000000000000000e+00 
7.019896901112181e+02 1.030096398963533e+02 0.000000000000000e+00 
6.969245582287755e+02 1.026726334752922e+02 0.000000000000000e+00 
6.919582971324234e+02 1.023419967906882e+02 0.000000000000000e+00 
6.868941457224938e+02 1.020057699643417e+02 0.000000000000000e+00 
6.819287319068320e+02 1.016781181912946e+02 0.000000000000000e+00 
6.768653281446990e+02 1.013471998191432e+02 0.000000000000000e+00 
6.719005333063099e+02 1.010269738697424e+02 0.000000000000000e+00 
6.669359604247796e+02 1.007120680516988e+02 0.000000000000000e+00 
6.619715535380092e+02 1.004035709284975e+02 0.000000000000000e+00 
6.570072566838986e+02 1.001025710636232e+02 0.000000000000000e+00 
6.520430139003487e+02 9.981015702056077e+01 0.000000000000000e+00 
6.470787692252600e+02 9.952741736279502e+01 0.000000000000000e+00 
6.421144666965328e+02 9.925544065381084e+01 0.000000000000000e+00 
6.371500503520680e+02 9.899531545709304e+01 0.000000000000000e+00 
6.331783977226338e+02 9.879647990321240e+01 0.000000000000000e+00 
6.309581184081622e+02 9.868914341564506e+01 0.000000000000000e+00 
6.269862392238525e+02 9.850433086964483e+01 0.000000000000000e+00 
6.220211309759520e+02 9.828703223889890e+01 0.000000000000000e+00 
6.169573433447237e+02 9.808218093006272e+01 0.000000000000000e+00 
6.119914901093393e+02 9.789883969061654e+01 0.000000000000000e+00 
6.069268263246092e+02 9.773088269169421e+01 0.000000000000000e+00 
6.019599997983233e+02 9.758593975563723e+01 0.000000000000000e+00 
5.979861334761815e+02 9.748480441788574e+01 0.000000000000000e+00 
2.319321185823488e+02 7.392696792723070e+02 0.000000000000000e+00 
2.269678111135379e+02 7.389588582329046e+02 0.000000000000000e+00 
2.220021027523767e+02 7.386674257438746e+02 0.000000000000000e+00 
2.170350660806023e+02 7.383946692583927e+02 0.000000000000000e+00 
2.119683699136216e+02 7.381350068847537e+02 0.000000000000000e+00 
2.069988716678349e+02 7.378977992059054e+02 0.000000000000000e+00 
2.020282642940476e+02 7.376771157789252e+02 0.000000000000000e+00 
1.970566203739968e+02 7.374722440569885e+02 0.000000000000000e+00 
1.919855262059159e+02 7.372788608835284e+02 0.000000000000000e+00 
1.870120100186248e+02 7.371037526469269e+02 0.000000000000000e+00 
1.820376764676827e+02 7.369423043636883e+02 0.000000000000000e+00 
1.770625981348267e+02 7.367938034869890e+02 0.000000000000000e+00 
1.719883020278366e+02 7.366549575748818e+02 0.000000000000000e+00 
1.670119407345124e+02 7.365304348622192e+02 0.000000000000000e+00 
1.620350538418869e+02 7.364167078044150e+02 0.000000000000000e+00 
1.570577139316970e+02 7.363130638546450e+02 0.000000000000000e+00 
1.519814119479886e+02 7.362170132650651e+02 0.000000000000000e+00 
1.470033783841026e+02 7.361315621580334e+02 0.000000000000000e+00 
1.420251109852649e+02 7.360540424073557e+02 0.000000000000000e+00 
1.370466823332125e+02 7.359837414662074e+02 0.000000000000000e+00 
1.319695705349766e+02 7.359187442603290e+02 0.000000000000000e+00 
1.269910375360001e+02 7.358608508406207e+02 0.000000000000000e+00 
1.219139703088917e+02 7.358070246336401e+02 0.000000000000000e+00 
1.169356290680118e+02 7.357586318237858e+02 0.000000000000000e+00 
1.119574923574056e+02 7.357138668669247e+02 0.000000000000000e+00 
1.069796327588099e+02 7.356720172162319e+02 0.000000000000000e+00 
1.020021228539619e+02 7.356323703248836e+02 0.000000000000000e+00 
9.692647422298406e+01 7.355934681987515e+02 0.000000000000000e+00 
9.194989198388033e+01 7.355560973911025e+02 0.000000000000000e+00 
8.697387862113681e+01 7.355187775911176e+02 0.000000000000000e+00 
8.199850671649052e+01 7.354807962519724e+02 0.000000000000000e+00 
7.692533891513554e+01 7.354406427158580e+02 0.000000000000000e+00 
7.195148398300566e+01 7.353991521391139e+02 0.000000000000000e+00 
6.697848969158564e+01 7.353548482715290e+02 0.000000000000000e+00 
6.200642862261244e+01 7.353070185662791e+02 0.000000000000000e+00 
5.703537335782310e+01 7.352549504765399e+02 0.000000000000000e+00 
5.206539647895459e+01 7.351979314554875e+02 0.000000000000000e+00 
4.709657056774391e+01 7.351352489562975e+02 0.000000000000000e+00 
4.212896820592805e+01 7.350661904321456e+02 0.000000000000000e+00 
3.815581604696690e+01 7.350058740433859e+02 0.000000000000000e+00 
3.593513175419413e+01 7.349700436508805e+02 0.000000000000000e+00 
3.196334696667459e+01 7.349019267497156e+02 0.000000000000000e+00 
2.699992058648489e+01 7.348090452938513e+02 0.000000000000000e+00 
2.203801150948272e+01 7.347069039838309e+02 0.000000000000000e+00 
1.707769231740514e+01 7.345947902728304e+02 0.000000000000000e+00 
1.311063045581598e+01 7.344974403438587e+02 0.000000000000000e+00 
1.089345290841974e+01 7.344399045961109e+02 0.000000000000000e+00 
6.928123937194779e+00 7.343311657954819e+02 0.000000000000000e+00 
1.874986940101673e+00 7.341812336494285e+02 0.000000000000000e+00 
1.794468001714726e+00 6.126423602895686e+02 0.000000000000000e+00 
6.925501048714071e+00 6.119722738182049e+02 0.000000000000000e+00 
1.195199444963830e+01 6.113928878368586e+02 0.000000000000000e+00 
1.697376237700041e+01 6.108880083223195e+02 0.000000000000000e+00 
2.199092896046670e+01 6.104552314650912e+02 0.000000000000000e+00 
2.710284477512255e+01 6.100856505736929e+02 0.000000000000000e+00 
3.211109610520029e+01 6.097911760332048e+02 0.000000000000000e+00 
3.711512093863295e+01 6.095615451167289e+02 0.000000000000000e+00 
4.211504340508682e+01 6.093943540147696e+02 0.000000000000000e+00 
4.711098763422825e+01 6.092871989178307e+02 0.000000000000000e+00 
5.210307775572350e+01 6.092376760164157e+02 0.000000000000000e+00 
5.709143789923888e+01 6.092433815010280e+02 0.000000000000000e+00 
6.207619219444070e+01 6.093019115621723e+02 0.000000000000000e+00 
6.705746477099527e+01 6.094108623903517e+02 0.000000000000000e+00 
7.203537975856887e+01 6.095678301760696e+02 0.000000000000000e+00 
7.701006128682782e+01 6.097704111098308e+02 0.000000000000000e+00 
8.198163348543842e+01 6.100162013821382e+02 0.000000000000000e+00 
8.695022048406696e+01 6.103027971834957e+02 0.000000000000000e+00 
9.191594641237977e+01 6.106277947044075e+02 0.000000000000000e+00 
9.687893540004313e+01 6.109887901353771e+02 0.000000000000000e+00 
1.018393115767233e+02 6.113833796669078e+02 0.000000000000000e+00 
1.068953603068289e+02 6.118178902100044e+02 0.000000000000000e+00 
1.118508376766583e+02 6.122730023250649e+02 0.000000000000000e+00 
1.169021487989483e+02 6.127642336305801e+02 0.000000000000000e+00 
1.219512640903914e+02 6.132803039351709e+02 0.000000000000000e+00 
1.269003237058155e+02 6.138080129881839e+02 0.000000000000000e+00 
1.319454785647897e+02 6.143657538135035e+02 0.000000000000000e+00 
1.369888299906397e+02 6.149407347342670e+02 0.000000000000000e+00 
1.420305096348004e+02 6.155304062795968e+02 0.000000000000000e+00 
1.470706491487068e+02 6.161322189786150e+02 0.000000000000000e+00 
1.520115440144635e+02 6.167316750024265e+02 0.000000000000000e+00 
1.570490217638232e+02 6.173500091149756e+02 0.000000000000000e+00 
1.619875597548801e+02 6.179607624176386e+02 0.000000000000000e+00 
1.670228921687523e+02 6.185856171347828e+02 0.000000000000000e+00 
1.699849990790478e+02 6.189531758885896e+02 0.000000000000000e+00 
1.731070310703933e+02 6.193398545218628e+02 0.000000000000000e+00 
1.770557268279117e+02 6.198269147415335e+02 0.000000000000000e+00 
1.820887971530628e+02 6.204426476933429e+02 0.000000000000000e+00 
1.870236491368452e+02 6.210385373467301e+02 0.000000000000000e+00 
1.920558709657180e+02 6.216356772095331e+02 0.000000000000000e+00 
1.969901441306242e+02 6.222084315391473e+02 0.000000000000000e+00 
2.020220338922774e+02 6.227769775040084e+02 0.000000000000000e+00 
2.069562346386630e+02 6.233167899098661e+02 0.000000000000000e+00 
2.119883087621558e+02 6.238467411678492e+02 0.000000000000000e+00 
2.159359883339233e+02 6.242462988881822e+02 0.000000000000000e+00 
2.181429095003618e+02 6.244629566128783e+02 0.000000000000000e+00 
2.220909933861302e+02 6.248377187760256e+02 0.000000000000000e+00 
2.270265847406462e+02 6.252814468934948e+02 0.000000000000000e+00 
2.319628325020790e+02 6.256954596926956e+02 0.000000000000000e+00 
2.369976419540435e+02 6.260845756659728e+02 0.000000000000000e+00 
2.419355940876987e+02 6.264312384374714e+02 0.000000000000000e+00 
2.469723998796367e+02 6.267466701851819e+02 0.000000000000000e+00 
2.509244316190323e+02 6.269655445443575e+02 0.000000000000000e+00 
7.120400567750664e+02 7.949362578536521e+02 0.000000000000000e+00 
7.170664094148760e+02 7.955333064996086e+02 0.000000000000000e+00 
7.219970111526130e+02 7.961043859932132e+02 0.000000000000000e+00 
7.270270626426710e+02 7.966728209134753e+02 0.000000000000000e+00 
7.319611161367247e+02 7.972172211854613e+02 0.000000000000000e+00 
7.369945090056594e+02 7.977598546827601e+02 0.000000000000000e+00 
7.419316637265106e+02 7.982803334228390e+02 0.000000000000000e+00 
7.469680405029512e+02 7.987999777999058e+02 0.000000000000000e+00 
7.519079459210808e+02 7.992992926977901e+02 0.000000000000000e+00 
7.558607615128802e+02 7.996919027555990e+02 0.000000000000000e+00 
7.580707798751032e+02 7.999088695311708e+02 0.000000000000000e+00 
7.620247370948765e+02 8.002927335359549e+02 0.000000000000000e+00 
7.669681290692540e+02 8.007653378008531e+02 0.000000000000000e+00 
7.720104182326811e+02 8.012396871682804e+02 0.000000000000000e+00 
7.769556815421363e+02 8.016980457190302e+02 0.000000000000000e+00 
7.819997003646924e+02 8.021592734029373e+02 0.000000000000000e+00 
7.870444566878107e+02 8.026149443513649e+02 0.000000000000000e+00 
7.919918754900204e+02 8.030570622323688e+02 0.000000000000000e+00 
7.970378235127321e+02 8.035038437384964e+02 0.000000000000000e+00 
8.009965214758481e+02 8.038518982870479e+02 0.000000000000000e+00 
8.041263209656466e+02 8.041257978722621e+02 0.000000000000000e+00 
8.070956299334246e+02 8.043847813273889e+02 0.000000000000000e+00 
8.120446877132175e+02 8.048149609581160e+02 0.000000000000000e+00 
8.170919485807310e+02 8.052523889005890e+02 0.000000000000000e+00 
8.220412963986757e+02 8.056807632138514e+02 0.000000000000000e+00 
8.269906580794687e+02 8.061092643662219e+02 0.000000000000000e+00 
8.320379616391192e+02 8.065470829234030e+02 0.000000000000000e+00 
8.369870892822325e+02 8.069779017734907e+02 0.000000000000000e+00 
8.420339754336580e+02 8.074194900792145e+02 0.000000000000000e+00 
8.469825185095729e+02 8.078553843167315e+02 0.000000000000000e+00 
8.519306424333546e+02 8.082948120136160e+02 0.000000000000000e+00 
8.569762377605992e+02 8.087472819883880e+02 0.000000000000000e+00 
8.619232530413510e+02 8.091959080878839e+02 0.000000000000000e+00 
8.668695897013001e+02 8.096501089415365e+02 0.000000000000000e+00 
8.698370302155837e+02 8.099255865389601e+02 0.000000000000000e+00 
8.720486397094737e+02 8.101324660231384e+02 0.000000000000000e+00 
8.769933190830939e+02 8.106001880380156e+02 0.000000000000000e+00 
8.819370580121364e+02 8.110755446299502e+02 0.000000000000000e+00 
8.869776446245273e+02 8.115688787812263e+02 0.000000000000000e+00 
8.920170726863928e+02 8.120715728311305e+02 0.000000000000000e+00 
8.969574255200315e+02 8.125742855970350e+02 0.000000000000000e+00 
9.019942899993466e+02 8.130976338018988e+02 0.000000000000000e+00 
9.070297243110581e+02 8.136324787742757e+02 0.000000000000000e+00 
9.109787837645816e+02 8.140605583054556e+02 0.000000000000000e+00 
9.141000978077260e+02 8.144045325469162e+02 0.000000000000000e+00 
9.170606502996644e+02 8.147355526406540e+02 0.000000000000000e+00 
9.220912596000804e+02 8.153090912859959e+02 0.000000000000000e+00 
9.271200748563614e+02 8.158969893923298e+02 0.000000000000000e+00 
9.320494038757787e+02 8.164881064823318e+02 0.000000000000000e+00 
9.369768343064459e+02 8.170943960718337e+02 0.000000000000000e+00 
9.419998026539929e+02 8.177290195260568e+02 0.000000000000000e+00 
9.469231362697775e+02 8.183680160968547e+02 0.000000000000000e+00 
9.519417479338330e+02 8.190374004096150e+02 0.000000000000000e+00 
9.558770407297227e+02 8.195755047044975e+02 0.000000000000000e+00 
9.580762936405173e+02 8.198814357235758e+02 0.000000000000000e+00 
9.610261604913582e+02 8.202977854637613e+02 0.000000000000000e+00 
3.029505867197403e+00 9.326118387496626e+02 0.000000000000000e+00 
6.996749533035850e+00 9.325902928027652e+02 0.000000000000000e+00 
1.195806805075146e+01 9.325676647641315e+02 0.000000000000000e+00 
1.702015797922381e+01 9.325493039956912e+02 0.000000000000000e+00 
2.198633817876608e+01 9.325357027852473e+02 0.000000000000000e+00 
2.695481189738525e+01 9.325262427537002e+02 0.000000000000000e+00 
3.202396496510874e+01 9.325206351921139e+02 0.000000000000000e+00 
3.699684191946620e+01 9.325188770709711e+02 0.000000000000000e+00 
4.197178541735718e+01 9.325206041651520e+02 0.000000000000000e+00 
4.704730262867673e+01 9.325257296998791e+02 0.000000000000000e+00 
5.202619091621765e+01 9.325338337866797e+02 0.000000000000000e+00 
5.700691877174869e+01 9.325447671252302e+02 0.000000000000000e+00 
6.198941103292464e+01 9.325583124949452e+02 0.000000000000000e+00 
6.697359253740029e+01 9.325742526752387e+02 0.000000000000000e+00 
7.195938812283045e+01 9.325923704455244e+02 0.000000000000000e+00 
7.704550634328206e+01 9.326128645298309e+02 0.000000000000000e+00 
8.203433283267923e+01 9.326347181459890e+02 0.000000000000000e+00 
8.702454642748751e+01 9.326580933885665e+02 0.000000000000000e+00 
9.201607196536170e+01 9.326827730369772e+02 0.000000000000000e+00 
9.700883428395659e+01 9.327085398706351e+02 0.000000000000000e+00 
1.020027582209270e+02 9.327351766689545e+02 0.000000000000000e+00 
1.069977686139276e+02 9.327624662113489e+02 0.000000000000000e+00 
1.119937903006134e+02 9.327901912772330e+02 0.000000000000000e+00 
1.169907481186390e+02 9.328181346460206e+02 0.000000000000000e+00 
1.219885669056593e+02 9.328460790971254e+02 0.000000000000000e+00 
1.269871714993291e+02 9.328738074099621e+02 0.000000000000000e+00 
1.319864867373031e+02 9.329011023639442e+02 0.000000000000000e+00 
1.369864374572361e+02 9.329277467384860e+02 0.000000000000000e+00 
1.419869484967830e+02 9.329535233130016e+02 0.000000000000000e+00 
1.469879446935986e+02 9.329782148669051e+02 0.000000000000000e+00 
1.519893508853376e+02 9.330016041796104e+02 0.000000000000000e+00 
1.569910919096548e+02 9.330234740305312e+02 0.000000000000000e+00 
1.619930926042050e+02 9.330436071990822e+02 0.000000000000000e+00 
1.669952778066431e+02 9.330617864646772e+02 0.000000000000000e+00 
1.719975723546237e+02 9.330777946067301e+02 0.000000000000000e+00 
1.769999010858017e+02 9.330914144046551e+02 0.000000000000000e+00 
1.820021888378320e+02 9.331024286378663e+02 0.000000000000000e+00 
1.870043604483693e+02 9.331106200857774e+02 0.000000000000000e+00 
1.920063407550683e+02 9.331157715278030e+02 0.000000000000000e+00 
1.970080545955839e+02 9.331176657433567e+02 0.000000000000000e+00 
2.020094268075709e+02 9.331160855118528e+02 0.000000000000000e+00 
2.070103822286841e+02 9.331108136127053e+02 0.000000000000000e+00 
2.120108456965781e+02 9.331016328253280e+02 0.000000000000000e+00 
2.170107420489080e+02 9.330883259291353e+02 0.000000000000000e+00 
2.220099961233284e+02 9.330706757035412e+02 0.000000000000000e+00 
2.270085327574942e+02 9.330484649279596e+02 0.000000000000000e+00 
2.320062767890601e+02 9.330214763818045e+02 0.000000000000000e+00 
2.370031530556809e+02 9.329894928444902e+02 0.000000000000000e+00 
2.419990863950115e+02 9.329522970954306e+02 0.000000000000000e+00 
2.469940016447065e+02 9.329096719140394e+02 0.000000000000000e+00 
2.519878236424209e+02 9.328614000797314e+02 0.000000000000000e+00 
2.549835608125632e+02 9.328296362219825e+02 0.000000000000000e+00 
1.243081604647128e+03 9.319156792465025e+02 0.000000000000000e+00 
1.247040194074497e+03 9.320436981221050e+02 0.000000000000000e+00 
1.251996073216805e+03 9.321917830937857e+02 0.000000000000000e+00 
1.256959829991499e+03 9.323268183995015e+02 0.000000000000000e+00 
1.261930806673637e+03 9.324490349005074e+02 0.000000000000000e+00 
1.267006982027303e+03 9.325607089872370e+02 0.000000000000000e+00 
1.271990535639080e+03 9.326577380753843e+02 0.000000000000000e+00 
1.276979322957964e+03 9.327426455145412e+02 0.000000000000000e+00 
1.281972686259014e+03 9.328156621659634e+02 0.000000000000000e+00 
1.286969967817293e+03 9.328770188909067e+02 0.000000000000000e+00 
1.291970509907860e+03 9.329269465506261e+02 0.000000000000000e+00 
1.296973654805776e+03 9.329656760063768e+02 0.000000000000000e+00 
1.301978744786101e+03 9.329934381194140e+02 0.000000000000000e+00 
1.306985122123896e+03 9.330104637509933e+02 0.000000000000000e+00 
1.311992129094222e+03 9.330169837623698e+02 0.000000000000000e+00 
1.316999107972138e+03 9.330132290147989e+02 0.000000000000000e+00 
1.322005401032706e+03 9.329994303695357e+02 0.000000000000000e+00 
1.327010350550986e+03 9.329758186878360e+02 0.000000000000000e+00 
1.332013298802039e+03 9.329426248309545e+02 0.000000000000000e+00 
1.337013588060925e+03 9.329000796601470e+02 0.000000000000000e+00 
1.342010560602704e+03 9.328484140366686e+02 0.000000000000000e+00 
1.347102394945300e+03 9.327865713942175e+02 0.000000000000000e+00 
1.352090662501326e+03 9.327171883037618e+02 0.000000000000000e+00 
1.357073627139906e+03 9.326393819163546e+02 0.000000000000000e+00 
1.362050631136101e+03 9.325533830932519e+02 0.000000000000000e+00 
1.367119378494175e+03 9.324574830863249e+02 0.000000000000000e+00 
1.372082337294020e+03 9.323556412085525e+02 0.000000000000000e+00 
1.377135393106635e+03 9.322440646302215e+02 0.000000000000000e+00 
1.382082271440701e+03 9.321281219042122e+02 0.000000000000000e+00 
1.387023762398844e+03 9.320099524910104e+02 0.000000000000000e+00 
1.391963096198326e+03 9.318945895501904e+02 0.000000000000000e+00 
1.396903503056410e+03 9.317870662413266e+02 0.000000000000000e+00 
1.401848213190358e+03 9.316924157239935e+02 0.000000000000000e+00 
1.406800456817430e+03 9.316156711577659e+02 0.000000000000000e+00 
1.411763464154890e+03 9.315618657022175e+02 0.000000000000000e+00 
1.416740465419998e+03 9.315360325169229e+02 0.000000000000000e+00 
1.421734690830018e+03 9.315432047614566e+02 0.000000000000000e+00 
1.426749370602210e+03 9.315884155953933e+02 0.000000000000000e+00 
1.431787734953836e+03 9.316766981783069e+02 0.000000000000000e+00 
1.436853014102160e+03 9.318130856697724e+02 0.000000000000000e+00 
1.441948438264441e+03 9.320026112293635e+02 0.000000000000000e+00 
1.447077237657943e+03 9.322503080166549e+02 0.000000000000000e+00 
1.452236947575413e+03 9.325527546947109e+02 0.000000000000000e+00 
1.457402323611540e+03 9.328727119405536e+02 0.000000000000000e+00 
1.462542426436502e+03 9.331644859346956e+02 0.000000000000000e+00 
1.467626316720473e+03 9.333823828576487e+02 0.000000000000000e+00 
1.472720919644248e+03 9.334811380381971e+02 0.000000000000000e+00 
1.477596915763258e+03 9.334104650556544e+02 0.000000000000000e+00 
1.482323268632328e+03 9.331279286275038e+02 0.000000000000000e+00 
1.486869038921633e+03 9.325878349342574e+02 0.000000000000000e+00 
1.491203287301348e+03 9.317444901564267e+02 0.000000000000000e+00 
1.495295074441650e+03 9.305522004745245e+02 0.000000000000000e+00 
1.497743767664384e+03 9.295972967336634e+02 0.000000000000000e+00 
1.501441978323764e+03 9.276957634969083e+02 0.000000000000000e+00 
1.504187120214852e+03 9.258029024978186e+02 0.000000000000000e+00 
8.918677263235608e+02 8.512639369970235e+02 0.000000000000000e+00 
8.869528237036751e+02 8.508176827706704e+02 0.000000000000000e+00 
8.819333472736756e+02 8.503840979282235e+02 0.000000000000000e+00 
8.770047011776329e+02 8.499781928466057e+02 0.000000000000000e+00 
8.720699257301889e+02 8.495895472263796e+02 0.000000000000000e+00 
8.691063043482064e+02 8.493638957393867e+02 0.000000000000000e+00 
8.659802649447743e+02 8.491316350178918e+02 0.000000000000000e+00 
8.620231772676356e+02 8.488453755955815e+02 0.000000000000000e+00 
8.570725481870703e+02 8.484980652182970e+02 0.000000000000000e+00 
8.520194243755162e+02 8.481541660312159e+02 0.000000000000000e+00 
8.469622750253496e+02 8.478187606690215e+02 0.000000000000000e+00 
8.419998805038347e+02 8.474962751921446e+02 0.000000000000000e+00 
8.370345182368897e+02 8.471783219051385e+02 0.000000000000000e+00 
8.319682293947341e+02 8.468568739102473e+02 0.000000000000000e+00 
8.269982362522646e+02 8.465425863407743e+02 0.000000000000000e+00 
8.220266253848048e+02 8.462273963571009e+02 0.000000000000000e+00 
8.170538438480188e+02 8.459095043045983e+02 0.000000000000000e+00 
8.120803386975706e+02 8.455871105286376e+02 0.000000000000000e+00 
8.071065569891246e+02 8.452584153745901e+02 0.000000000000000e+00 
8.021329457783439e+02 8.449216191878263e+02 0.000000000000000e+00 
7.970614767137595e+02 8.445679441496297e+02 0.000000000000000e+00 
7.920895732631064e+02 8.442092970481141e+02 0.000000000000000e+00 
7.891071324298422e+02 8.439877268594429e+02 0.000000000000000e+00 
7.859640627835622e+02 8.437484676168044e+02 0.000000000000000e+00 
7.819895604480351e+02 8.434367418142600e+02 0.000000000000000e+00 
7.769253286508836e+02 8.430232913891360e+02 0.000000000000000e+00 
7.718640973036246e+02 8.425900511684205e+02 0.000000000000000e+00 
7.669045227080094e+02 8.421441656395673e+02 0.000000000000000e+00 
7.618506335006931e+02 8.416660963168919e+02 0.000000000000000e+00 
7.568991703715121e+02 8.411725812944134e+02 0.000000000000000e+00 
7.518544832345060e+02 8.406421955867296e+02 0.000000000000000e+00 
7.468151488595998e+02 8.400825506820064e+02 0.000000000000000e+00 
7.418793302472075e+02 8.395035198098140e+02 0.000000000000000e+00 
7.368519969563453e+02 8.388802908896133e+02 0.000000000000000e+00 
7.318314296564247e+02 8.382221137183458e+02 0.000000000000000e+00 
7.269153860044916e+02 8.375409395992988e+02 0.000000000000000e+00 
7.219096188023484e+02 8.368079107820848e+02 0.000000000000000e+00 
7.170089997461827e+02 8.360496676429436e+02 0.000000000000000e+00 
7.121166923800876e+02 8.352505505173525e+02 0.000000000000000e+00 
7.071365219235629e+02 8.343916458524282e+02 0.000000000000000e+00 
7.022623659297868e+02 8.335044828722291e+02 0.000000000000000e+00 
6.973016362787770e+02 8.325520450596332e+02 0.000000000000000e+00 
6.923514289521726e+02 8.315495376062881e+02 0.000000000000000e+00 
6.871353763908676e+02 8.304342974145497e+02 0.000000000000000e+00 
6.831503885598596e+02 8.295398349351875e+02 0.000000000000000e+00 
6.809924582678497e+02 8.290396220334407e+02 0.000000000000000e+00 
6.770195562190752e+02 8.280887309876521e+02 0.000000000000000e+00 
6.718428909020874e+02 8.267895915919258e+02 0.000000000000000e+00 
6.669546196610071e+02 8.254979043032458e+02 0.000000000000000e+00 
6.648151843059810e+02 8.249120683713342e+02 0.000000000000000e+00 
6.619489625711060e+02 8.241071239118774e+02 0.000000000000000e+00 
6.568161010023598e+02 8.226065414493967e+02 0.000000000000000e+00 
6.519708087645448e+02 8.211180652955259e+02 0.000000000000000e+00 
6.480637484002426e+02 8.198650374684697e+02 0.000000000000000e+00 
6.459490130700339e+02 8.191666099124307e+02 0.000000000000000e+00 
6.420574787028175e+02 8.178433046874022e+02 0.000000000000000e+00 
6.369904464139626e+02 8.160442347026892e+02 0.000000000000000e+00 
6.331232389842913e+02 8.146113723560893e+02 0.000000000000000e+00 
6.310305204152603e+02 8.138137916297648e+02 0.000000000000000e+00 
6.268549167812539e+02 8.121745958922126e+02 0.000000000000000e+00 
1.286031433649771e+03 5.609506059842374e+02 0.000000000000000e+00 
1.282039673463173e+03 5.610486738558035e+02 0.000000000000000e+00 
1.276950946811897e+03 5.611646411071475e+02 0.000000000000000e+00 
1.271960853335598e+03 5.612684156194429e+02 0.000000000000000e+00 
1.266970620883582e+03 5.613622446896022e+02 0.000000000000000e+00 
1.261980294810724e+03 5.614460268114094e+02 0.000000000000000e+00 
1.256989920471894e+03 5.615196604786477e+02 0.000000000000000e+00 
1.251999543221966e+03 5.615830441851006e+02 0.000000000000000e+00 
1.247009208415810e+03 5.616360764245514e+02 0.000000000000000e+00 
1.242018961408299e+03 5.616786556907841e+02 0.000000000000000e+00 
1.237028847554304e+03 5.617106804775816e+02 0.000000000000000e+00 
1.232038912208699e+03 5.617320492787279e+02 0.000000000000000e+00 
1.226950387534499e+03 5.617427614135571e+02 0.000000000000000e+00 
1.221960951059852e+03 5.617422976491944e+02 0.000000000000000e+00 
1.216971830056413e+03 5.617308713703113e+02 0.000000000000000e+00 
1.211983069879054e+03 5.617083810706916e+02 0.000000000000000e+00 
1.206994715882647e+03 5.616747252441186e+02 0.000000000000000e+00 
1.202006813422065e+03 5.616298023843758e+02 0.000000000000000e+00 
1.197019407852178e+03 5.615735109852467e+02 0.000000000000000e+00 
1.192032544527859e+03 5.615057495405146e+02 0.000000000000000e+00 
1.187046268803980e+03 5.614264165439631e+02 0.000000000000000e+00 
1.182060626035414e+03 5.613354104893759e+02 0.000000000000000e+00 
1.176976946983805e+03 5.612304748229272e+02 0.000000000000000e+00 
1.171992720979866e+03 5.611155819160597e+02 0.000000000000000e+00 
1.167009264894059e+03 5.609887094222873e+02 0.000000000000000e+00 
1.162026624081255e+03 5.608497558353940e+02 0.000000000000000e+00 
1.157044843896327e+03 5.606986196491629e+02 0.000000000000000e+00 
1.152063969694145e+03 5.605351993573772e+02 0.000000000000000e+00 
1.147084046829584e+03 5.603593934538211e+02 0.000000000000000e+00 
1.142105120657513e+03 5.601711004322776e+02 0.000000000000000e+00 
1.137028665830856e+03 5.599661127353111e+02 0.000000000000000e+00 
1.132051891101187e+03 5.597522886200203e+02 0.000000000000000e+00 
1.128071285372243e+03 5.595720227743498e+02 0.000000000000000e+00 
1.124924869043852e+03 5.594236805992414e+02 0.000000000000000e+00 
1.121940359418264e+03 5.592781672202200e+02 0.000000000000000e+00 
1.116967162216459e+03 5.590252341315392e+02 0.000000000000000e+00 
1.111896785812487e+03 5.587537980713042e+02 0.000000000000000e+00 
1.106926202880201e+03 5.584742980612469e+02 0.000000000000000e+00 
1.101956982747807e+03 5.581814915685936e+02 0.000000000000000e+00 
1.096890803233015e+03 5.578690767606926e+02 0.000000000000000e+00 
1.091924474008177e+03 5.575490842184572e+02 0.000000000000000e+00 
1.086959644546049e+03 5.572154786647567e+02 0.000000000000000e+00 
1.081898083712205e+03 5.568611411204928e+02 0.000000000000000e+00 
1.076936421795671e+03 5.564997303890050e+02 0.000000000000000e+00 
1.071976396604666e+03 5.561244001171833e+02 0.000000000000000e+00 
1.066919876243538e+03 5.557271958478594e+02 0.000000000000000e+00 
1.061963295236164e+03 5.553234412700449e+02 0.000000000000000e+00 
1.057008487917139e+03 5.549054606230278e+02 0.000000000000000e+00 
1.051957429820495e+03 5.544644456399469e+02 0.000000000000000e+00 
1.047006343323138e+03 5.540174215587314e+02 0.000000000000000e+00 
1.042057167476949e+03 5.535558648794445e+02 0.000000000000000e+00 
1.037011993436557e+03 5.530700951939099e+02 0.000000000000000e+00 
1.032066815050074e+03 5.525788759522191e+02 0.000000000000000e+00 
1.027123684277578e+03 5.520728175835882e+02 0.000000000000000e+00 
1.022084816085205e+03 5.515413492069027e+02 0.000000000000000e+00 
1.017145959410452e+03 5.510050091476623e+02 0.000000000000000e+00 
1.012111544306842e+03 5.504424482314829e+02 0.000000000000000e+00 
1.007177146759921e+03 5.498754123760799e+02 0.000000000000000e+00 
1.003109848706107e+03 5.493962786176857e+02 0.000000000000000e+00 
9.999914381873072e+02 5.490216911248356e+02 0.000000000000000e+00 
9.968739645766192e+02 5.486409041996654e+02 0.000000000000000e+00 
9.919467457739675e+02 5.480261142833591e+02 0.000000000000000e+00 
9.869244376803068e+02 5.473830157593700e+02 0.000000000000000e+00 
9.819046906523403e+02 5.467235187216958e+02 0.000000000000000e+00 
9.769849570759123e+02 5.460608008725096e+02 0.000000000000000e+00 
9.729299603740204e+02 5.455022976738824e+02 0.000000000000000e+00 
6.058857163183642e+02 9.027423579107443e+02 0.000000000000000e+00 
6.019185835977064e+02 9.025086901941578e+02 0.000000000000000e+00 
5.969601332763865e+02 9.022092486233108e+02 0.000000000000000e+00 
5.920021761252673e+02 9.019019056360169e+02 0.000000000000000e+00 
5.870446862796800e+02 9.015869536731233e+02 0.000000000000000e+00 
5.820876378749556e+02 9.012646851754774e+02 0.000000000000000e+00 
5.770328483927409e+02 9.009288023640510e+02 0.000000000000000e+00 
5.720766127323640e+02 9.005926477595226e+02 0.000000000000000e+00 
5.671207404066231e+02 9.002500597342533e+02 0.000000000000000e+00 
5.620670698525897e+02 8.998943645101004e+02 0.000000000000000e+00 
5.571118525119333e+02 8.995396740950769e+02 0.000000000000000e+00 
5.541388606725149e+02 8.993241769826193e+02 0.000000000000000e+00 
5.519229868541064e+02 8.991622928359453e+02 0.000000000000000e+00 
5.469683257116843e+02 8.987965532350956e+02 0.000000000000000e+00 
5.419157819896185e+02 8.984184728701002e+02 0.000000000000000e+00 
5.369615633649482e+02 8.980430331575928e+02 0.000000000000000e+00 
5.319094171205297e+02 8.976556689163172e+02 0.000000000000000e+00 
5.268574306819485e+02 8.972640794541793e+02 0.000000000000000e+00 
5.219036791217691e+02 8.968762906894489e+02 0.000000000000000e+00 
5.169500289794902e+02 8.964850298855160e+02 0.000000000000000e+00 
5.119964543904433e+02 8.960905894832281e+02 0.000000000000000e+00 
5.070429294899598e+02 8.956932619234325e+02 0.000000000000000e+00 
5.019913298246624e+02 8.952853954117586e+02 0.000000000000000e+00 
4.970378264057014e+02 8.948831282185250e+02 0.000000000000000e+00 
4.930750044513187e+02 8.945598575154606e+02 0.000000000000000e+00 
4.899420970255724e+02 8.943034803669499e+02 0.000000000000000e+00 
4.869699359740963e+02 8.940596723958778e+02 0.000000000000000e+00 
4.820162666735757e+02 8.936522292347323e+02 0.000000000000000e+00 
4.769643851661039e+02 8.932355684600996e+02 0.000000000000000e+00 
4.720104734091988e+02 8.928261698995859e+02 0.000000000000000e+00 
4.670564025596138e+02 8.924162447826064e+02 0.000000000000000e+00 
4.621021467526803e+02 8.920060855500092e+02 0.000000000000000e+00 
4.570495600438507e+02 8.915878656213531e+02 0.000000000000000e+00 
4.520948517797113e+02 8.911781253796800e+02 0.000000000000000e+00 
4.470417498495743e+02 8.907609410750490e+02 0.000000000000000e+00 
4.419883469013529e+02 8.903447418903576e+02 0.000000000000000e+00 
4.370327588517149e+02 8.899378808585483e+02 0.000000000000000e+00 
4.340592436698991e+02 8.896944837171092e+02 0.000000000000000e+00 
4.309247441360450e+02 8.894385895983115e+02 0.000000000000000e+00 
4.269596661249823e+02 8.891160033603317e+02 0.000000000000000e+00 
4.220029622335421e+02 8.887147071585123e+02 0.000000000000000e+00 
4.169476634068307e+02 8.883079629354997e+02 0.000000000000000e+00 
4.118919002280526e+02 8.879040505805482e+02 0.000000000000000e+00 
4.069338391749143e+02 8.875110310789814e+02 0.000000000000000e+00 
4.019752793878454e+02 8.871213252006382e+02 0.000000000000000e+00 
3.969179803041627e+02 8.867276175056305e+02 0.000000000000000e+00 
3.919583342927237e+02 8.863454963549706e+02 0.000000000000000e+00 
3.869981114411272e+02 8.859675719415466e+02 0.000000000000000e+00 
3.819390359159928e+02 8.855867885512871e+02 0.000000000000000e+00 
3.769775690807637e+02 8.852182325826745e+02 0.000000000000000e+00 
3.720154472991496e+02 8.848547564653097e+02 0.000000000000000e+00 
3.670526447064823e+02 8.844966526400400e+02 0.000000000000000e+00 
3.619908312715074e+02 8.841372930691782e+02 0.000000000000000e+00 
3.570265746943862e+02 8.837909320790130e+02 0.000000000000000e+00 
3.520615591999845e+02 8.834508264949551e+02 0.000000000000000e+00 
3.469974085974287e+02 8.831107311215676e+02 0.000000000000000e+00 
3.420307813593106e+02 8.827841520897423e+02 0.000000000000000e+00 
3.370633170976848e+02 8.824647115780366e+02 0.000000000000000e+00 
3.319965887910012e+02 8.821466000469280e+02 0.000000000000000e+00 
3.270273550263963e+02 8.818424698045829e+02 0.000000000000000e+00 
3.220572061320566e+02 8.815463611963695e+02 0.000000000000000e+00 
3.169876595846982e+02 8.812529531523448e+02 0.000000000000000e+00 
3.120155834281169e+02 8.809739385306204e+02 0.000000000000000e+00 
3.070425140355737e+02 8.807038286570397e+02 0.000000000000000e+00 
3.020684255423994e+02 8.804429159724500e+02 0.000000000000000e+00 
2.969947542969461e+02 8.801866115749401e+02 0.000000000000000e+00 
2.920185285407094e+02 8.799451672671324e+02 0.000000000000000e+00 
2.880367591882863e+02 8.797592556018878e+02 0.000000000000000e+00 
2.848883883866605e+02 8.796169443015746e+02 0.000000000000000e+00 
2.838926920100072e+02 8.795728120203780e+02 0.000000000000000e+00 
5.070015220126820e+02 9.183666117532221e+02 0.000000000000000e+00 
5.120657474073048e+02 9.184391020132304e+02 0.000000000000000e+00 
5.170332511736437e+02 9.185075695091391e+02 0.000000000000000e+00 
5.220022867216398e+02 9.185738045268080e+02 0.000000000000000e+00 
5.269727800201425e+02 9.186381616592222e+02 0.000000000000000e+00 
5.320431330763419e+02 9.187022268831134e+02 0.000000000000000e+00 
5.370163449717736e+02 9.187638724598638e+02 0.000000000000000e+00 
5.419907910581549e+02 9.188247109526395e+02 0.000000000000000e+00 
5.469663973043348e+02 9.188850969544259e+02 0.000000000000000e+00 
5.519430896791630e+02 9.189453850582075e+02 0.000000000000000e+00 
5.569207941514894e+02 9.190059298569706e+02 0.000000000000000e+00 
5.618994366901629e+02 9.190670859436992e+02 0.000000000000000e+00 
5.669775651495632e+02 9.191304503330650e+02 0.000000000000000e+00 
5.719578766250733e+02 9.191939225059156e+02 0.000000000000000e+00 
5.769389026073734e+02 9.192590767680116e+02 0.000000000000000e+00 
5.820192314674617e+02 9.193276213325491e+02 0.000000000000000e+00 
5.870014748401321e+02 9.193972544893716e+02 0.000000000000000e+00 
5.919842091600358e+02 9.194696405367212e+02 0.000000000000000e+00 
5.969673603960217e+02 9.195451340675810e+02 0.000000000000000e+00 
6.019508545169398e+02 9.196240896749381e+02 0.000000000000000e+00 
6.049410847772994e+02 9.196732723467524e+02 0.000000000000000e+00 
6.080931513861044e+02 9.197266873447090e+02 0.000000000000000e+00 
6.120803347147420e+02 9.197967012020478e+02 0.000000000000000e+00 
6.170644159835539e+02 9.198883234268607e+02 0.000000000000000e+00 
6.220485416099755e+02 9.199848376086140e+02 0.000000000000000e+00 
6.271313413112874e+02 9.200886689906098e+02 0.000000000000000e+00 
6.321153307581491e+02 9.201961453703865e+02 0.000000000000000e+00 
6.370991410030634e+02 9.203095845083848e+02 0.000000000000000e+00 
6.420826980148797e+02 9.204293409975888e+02 0.000000000000000e+00 
6.470659277624476e+02 9.205557694309844e+02 0.000000000000000e+00 
6.520487562146164e+02 9.206892244015561e+02 0.000000000000000e+00 
6.570311093402360e+02 9.208300605022889e+02 0.000000000000000e+00 
6.620129131081553e+02 9.209786323261686e+02 0.000000000000000e+00 
6.669940934872244e+02 9.211352944661795e+02 0.000000000000000e+00 
6.719745764462925e+02 9.213004015153075e+02 0.000000000000000e+00 
6.769542879542090e+02 9.214743080665367e+02 0.000000000000000e+00 
6.819331539798237e+02 9.216573687128530e+02 0.000000000000000e+00 
6.869111004919858e+02 9.218499380472412e+02 0.000000000000000e+00 
6.918880534595454e+02 9.220523706626860e+02 0.000000000000000e+00 
6.968639388513512e+02 9.222650211521732e+02 0.000000000000000e+00 
7.019371899469023e+02 9.224927739664578e+02 0.000000000000000e+00 
7.069106932718021e+02 9.227271439621148e+02 0.000000000000000e+00 
7.119813611266277e+02 9.229777840378777e+02 0.000000000000000e+00 
7.169521803665619e+02 9.232353201400144e+02 0.000000000000000e+00 
7.220199569814666e+02 9.235103227258969e+02 0.000000000000000e+00 
7.269877901183758e+02 9.237924715348231e+02 0.000000000000000e+00 
7.309609152430692e+02 9.240273327476779e+02 0.000000000000000e+00 
7.341012011650607e+02 9.242188887965847e+02 0.000000000000000e+00 
7.370797111049417e+02 9.244055046600337e+02 0.000000000000000e+00 
7.420424939157043e+02 9.247273223514761e+02 0.000000000000000e+00 
7.470034620381715e+02 9.250629364222907e+02 0.000000000000000e+00 
7.519625414411920e+02 9.254127014654620e+02 0.000000000000000e+00 
7.570178080262990e+02 9.257843349423428e+02 0.000000000000000e+00 
7.619728468131777e+02 9.261637635790103e+02 0.000000000000000e+00 
7.670238387625760e+02 9.265663857286276e+02 0.000000000000000e+00 
7.719745349152536e+02 9.269769245591009e+02 0.000000000000000e+00 
7.769229692605209e+02 9.274034013715064e+02 0.000000000000000e+00 
7.819669957301645e+02 9.278551062546854e+02 0.000000000000000e+00 
7.869106358947645e+02 9.283148560695015e+02 0.000000000000000e+00 
7.918517906923975e+02 9.287916146675306e+02 0.000000000000000e+00 
7.959244491146677e+02 9.291978069354384e+02 0.000000000000000e+00 
7.981324156725900e+02 9.294231040790085e+02 0.000000000000000e+00 
8.022023084576917e+02 9.298478965656574e+02 0.000000000000000e+00 
8.072329624299681e+02 9.303902855093611e+02 0.000000000000000e+00 
8.121631072689803e+02 9.309407905153572e+02 0.000000000000000e+00 
8.170903879784297e+02 9.315101184943823e+02 0.000000000000000e+00 
8.220147305271659e+02 9.320986240394218e+02 0.000000000000000e+00 
8.269360608840383e+02 9.327066617434606e+02 0.000000000000000e+00 
8.319516737781244e+02 9.333472247824831e+02 0.000000000000000e+00 
8.368666943248818e+02 9.339957950217998e+02 0.000000000000000e+00 
8.409172930640569e+02 9.345461039719788e+02 0.000000000000000e+00 
6.229494349519379e+02 1.136924389021493e+02 0.000000000000000e+00 
6.269444813118979e+02 1.137207168128997e+02 0.000000000000000e+00 
6.319367036448980e+02 1.137730728089469e+02 0.000000000000000e+00 
6.370260292650316e+02 1.138453633320423e+02 0.000000000000000e+00 
6.420148505430878e+02 1.139341864687614e+02 0.000000000000000e+00 
6.470020695100567e+02 1.140401817671078e+02 0.000000000000000e+00 
6.519877401713949e+02 1.141627646652634e+02 0.000000000000000e+00 
6.570706079539976e+02 1.143042527690077e+02 0.000000000000000e+00 
6.620533160423367e+02 1.144585566243960e+02 0.000000000000000e+00 
6.670346389109332e+02 1.146276828175338e+02 0.000000000000000e+00 
6.720146305652432e+02 1.148110467866031e+02 0.000000000000000e+00 
6.770919304571148e+02 1.150120995754794e+02 0.000000000000000e+00 
6.820693980203707e+02 1.152224383183423e+02 0.000000000000000e+00 
6.870456974552278e+02 1.154452495750768e+02 0.000000000000000e+00 
6.920208827671435e+02 1.156799487838650e+02 0.000000000000000e+00 
6.970935047150826e+02 1.159309333623565e+02 0.000000000000000e+00 
7.020666044178886e+02 1.161878611614992e+02 0.000000000000000e+00 
7.070387530836407e+02 1.164549116506357e+02 0.000000000000000e+00 
7.120100047177955e+02 1.167315002679481e+02 0.000000000000000e+00 
7.169804133258093e+02 1.170170424516182e+02 0.000000000000000e+00 
7.219500329131384e+02 1.173109536398278e+02 0.000000000000000e+00 
7.269189174852395e+02 1.176126492707590e+02 0.000000000000000e+00 
7.318871210475684e+02 1.179215447825934e+02 0.000000000000000e+00 
7.369530690441305e+02 1.182433667868731e+02 0.000000000000000e+00 
7.419200618010212e+02 1.185650219046566e+02 0.000000000000000e+00 
7.468865366340283e+02 1.188921116412837e+02 0.000000000000000e+00 
7.518525475486081e+02 1.192240514349364e+02 0.000000000000000e+00 
7.569164830572375e+02 1.195669539995526e+02 0.000000000000000e+00 
7.618817216483237e+02 1.199069072157151e+02 0.000000000000000e+00 
7.658536933295023e+02 1.201811188999879e+02 0.000000000000000e+00 
7.689936945908330e+02 1.203991025795602e+02 0.000000000000000e+00 
7.719724785014563e+02 1.206067333534024e+02 0.000000000000000e+00 
7.770352860273383e+02 1.209611368087084e+02 0.000000000000000e+00 
7.819996395514444e+02 1.213099753241880e+02 0.000000000000000e+00 
7.870622225769361e+02 1.216664556380216e+02 0.000000000000000e+00 
7.920264661208378e+02 1.220161382893615e+02 0.000000000000000e+00 
7.969907367567523e+02 1.223653562392830e+02 0.000000000000000e+00 
8.020534032150173e+02 1.227204054550014e+02 0.000000000000000e+00 
8.070178932722413e+02 1.230669020575858e+02 0.000000000000000e+00 
8.120808958393632e+02 1.234179600271863e+02 0.000000000000000e+00 
8.170458256389779e+02 1.237593504994775e+02 0.000000000000000e+00 
8.220110546969246e+02 1.240973303080491e+02 0.000000000000000e+00 
8.270749788623425e+02 1.244378847710368e+02 0.000000000000000e+00 
8.320409770641933e+02 1.247671929661178e+02 0.000000000000000e+00 
8.370074376102643e+02 1.250913252354193e+02 0.000000000000000e+00 
8.420727856145515e+02 1.254159398769766e+02 0.000000000000000e+00 
8.470403447060399e+02 1.257278350495900e+02 0.000000000000000e+00 
8.520085292276364e+02 1.260327890343644e+02 0.000000000000000e+00 
8.570758033113667e+02 1.263360275396734e+02 0.000000000000000e+00 
8.620454157798936e+02 1.266251789445621e+02 0.000000000000000e+00 
8.670158167644164e+02 1.269056238995521e+02 0.000000000000000e+00 
8.720855191681640e+02 1.271820499537951e+02 0.000000000000000e+00 
8.770576775011302e+02 1.274431268457020e+02 0.000000000000000e+00 
8.820307874359810e+02 1.276937320256503e+02 0.000000000000000e+00 
8.870049029781725e+02 1.279332809318221e+02 0.000000000000000e+00 
8.920786170851264e+02 1.281655809476774e+02 0.000000000000000e+00 
8.970549284577060e+02 1.283810156073269e+02 0.000000000000000e+00 
9.020324085235143e+02 1.285836287311401e+02 0.000000000000000e+00 
9.070111112880079e+02 1.287728357572989e+02 0.000000000000000e+00 
9.119910907566431e+02 1.289480521239852e+02 0.000000000000000e+00 
9.169724009348764e+02 1.291086932693809e+02 0.000000000000000e+00 
9.219550958281642e+02 1.292541746316678e+02 0.000000000000000e+00 
9.269392294419628e+02 1.293839116490279e+02 0.000000000000000e+00 
9.319248557817286e+02 1.294973197596431e+02 0.000000000000000e+00 
9.369120288529181e+02 1.295938144016951e+02 0.000000000000000e+00 
9.419008026609878e+02 1.296728110133660e+02 0.000000000000000e+00 
9.468912312113939e+02 1.297337250328377e+02 0.000000000000000e+00 
9.518833685095931e+02 1.297759718982920e+02 0.000000000000000e+00 
9.568772685610411e+02 1.297989670479107e+02 0.000000000000000e+00 
9.618729853711955e+02 1.298021259198759e+02 0.000000000000000e+00 
9.668705729455116e+02 1.297848639523693e+02 0.000000000000000e+00 
9.708700262468280e+02 1.297559585484027e+02 0.000000000000000e+00 
9.731063356786149e+02 1.297338305862825e+02 0.000000000000000e+00 
9.771077646161260e+02 1.296833695770327e+02 0.000000000000000e+00 
9.822104979733380e+02 1.295984025870221e+02 0.000000000000000e+00 
9.862149301227633e+02 1.295151848259589e+02 0.000000000000000e+00 

@5 
1 
1 
1 
1 
1 
1 
1 
1 
1 
1 
1 
1 
1 
1 
1 
1 
1 
1 
1 
1 
1 
1 
1 
1 
1 
1 
1 
1 
1 
1 
1 
1 
1 
1 
1 
1 
1 
1 
1 
1 
1 
1 
1 
1 
1 
1 
1 
1 
1 
1 
1 
1 
1 
1 
1 
1 
1 
1 

@6 
1 
1 
1 
1 
1 
1 
1 
1 
1 
1 
1 
1 
1 
1 
1 
1 
1 
1 
1 
1 
1 
1 
1 
1 
1 
1 
1 
1 
1 
